Node: sub-2 (ses-1 (run-01 (ants_register-t1-to-qsm (ants)
==========================================================


 Hierarchy : workflow_segmentation.sub-2.ses-1.run-01.ants_register-t1-to-qsm
 Exec ID : ants_register-t1-to-qsm


Original Inputs
---------------


* args : <undefined>
* dimension : 3
* environ : {}
* fixed_image : ['/home/runnerx/actions-runner/_work/example-notebooks/example-notebooks/books/structural_imaging/bids/sub-2/ses-1/anat/sub-2_ses-1_run-01_part-mag_T2starw.nii']
* histogram_bins : 32
* moving_image : ['/home/runnerx/actions-runner/_work/example-notebooks/example-notebooks/books/structural_imaging/bids/sub-2/ses-1/anat/sub-2_ses-1_run-01_T1w.nii']
* num_threads : 6
* output_prefix : transform
* precision_type : double
* random_seed : <undefined>
* spline_distance : 26
* transform_type : s
* use_histogram_matching : <undefined>


Execution Inputs
----------------


* args : <undefined>
* dimension : 3
* environ : {}
* fixed_image : ['/home/runnerx/actions-runner/_work/example-notebooks/example-notebooks/books/structural_imaging/bids/sub-2/ses-1/anat/sub-2_ses-1_run-01_part-mag_T2starw.nii']
* histogram_bins : 32
* moving_image : ['/home/runnerx/actions-runner/_work/example-notebooks/example-notebooks/books/structural_imaging/bids/sub-2/ses-1/anat/sub-2_ses-1_run-01_T1w.nii']
* num_threads : 6
* output_prefix : transform
* precision_type : double
* random_seed : <undefined>
* spline_distance : 26
* transform_type : s
* use_histogram_matching : <undefined>


Execution Outputs
-----------------


* forward_warp_field : /home/runnerx/actions-runner/_work/example-notebooks/example-notebooks/books/structural_imaging/segmentations/workflow_segmentation/sub-2/ses-1/run-01/ants_register-t1-to-qsm/transform1Warp.nii.gz
* inverse_warp_field : /home/runnerx/actions-runner/_work/example-notebooks/example-notebooks/books/structural_imaging/segmentations/workflow_segmentation/sub-2/ses-1/run-01/ants_register-t1-to-qsm/transform1InverseWarp.nii.gz
* inverse_warped_image : /home/runnerx/actions-runner/_work/example-notebooks/example-notebooks/books/structural_imaging/segmentations/workflow_segmentation/sub-2/ses-1/run-01/ants_register-t1-to-qsm/transformInverseWarped.nii.gz
* out_matrix : /home/runnerx/actions-runner/_work/example-notebooks/example-notebooks/books/structural_imaging/segmentations/workflow_segmentation/sub-2/ses-1/run-01/ants_register-t1-to-qsm/transform0GenericAffine.mat
* warped_image : /home/runnerx/actions-runner/_work/example-notebooks/example-notebooks/books/structural_imaging/segmentations/workflow_segmentation/sub-2/ses-1/run-01/ants_register-t1-to-qsm/transformWarped.nii.gz


Runtime info
------------


* cmdline : antsRegistrationSyNQuick.sh -d 3 -f /home/runnerx/actions-runner/_work/example-notebooks/example-notebooks/books/structural_imaging/bids/sub-2/ses-1/anat/sub-2_ses-1_run-01_part-mag_T2starw.nii -r 32 -m /home/runnerx/actions-runner/_work/example-notebooks/example-notebooks/books/structural_imaging/bids/sub-2/ses-1/anat/sub-2_ses-1_run-01_T1w.nii -n 6 -o transform -p d -s 26 -t s
* duration : 198.103141
* hostname : cirun-neurodesk--example-notebooks-4b559af
* prev_wd : /home/runnerx/actions-runner/_work/example-notebooks/example-notebooks/books/structural_imaging
* working_dir : /home/runnerx/actions-runner/_work/example-notebooks/example-notebooks/books/structural_imaging/segmentations/workflow_segmentation/sub-2/ses-1/run-01/ants_register-t1-to-qsm


Terminal output
~~~~~~~~~~~~~~~


 


Terminal - standard output
~~~~~~~~~~~~~~~~~~~~~~~~~~


 
--------------------------------------------------------------------------------------
 Mapping parameters
--------------------------------------------------------------------------------------
 ANTSPATH is /opt/ants-2.3.4/

 Dimensionality:           3
 Output name prefix:       transform
 Fixed images:             /home/runnerx/actions-runner/_work/example-notebooks/example-notebooks/books/structural_imaging/bids/sub-2/ses-1/anat/sub-2_ses-1_run-01_part-mag_T2starw.nii
 Moving images:            /home/runnerx/actions-runner/_work/example-notebooks/example-notebooks/books/structural_imaging/bids/sub-2/ses-1/anat/sub-2_ses-1_run-01_T1w.nii
 Mask images:              
 Initial transforms:       
 Number of threads:        6
 Spline distance:          26
 Transform type:           s
 MI histogram bins:        32
 Precision:                d
 Use histogram matching    0
======================================================================================
 antsRegistration call:
--------------------------------------------------------------------------------------
/opt/ants-2.3.4//antsRegistration --verbose 1 --dimensionality 3 --float 0 --collapse-output-transforms 1 --output [ transform,transformWarped.nii.gz,transformInverseWarped.nii.gz ] --interpolation Linear --use-histogram-matching 0 --winsorize-image-intensities [ 0.005,0.995 ] --initial-moving-transform [ /home/runnerx/actions-runner/_work/example-notebooks/example-notebooks/books/structural_imaging/bids/sub-2/ses-1/anat/sub-2_ses-1_run-01_part-mag_T2starw.nii,/home/runnerx/actions-runner/_work/example-notebooks/example-notebooks/books/structural_imaging/bids/sub-2/ses-1/anat/sub-2_ses-1_run-01_T1w.nii,1 ] --transform Rigid[ 0.1 ] --metric MI[ /home/runnerx/actions-runner/_work/example-notebooks/example-notebooks/books/structural_imaging/bids/sub-2/ses-1/anat/sub-2_ses-1_run-01_part-mag_T2starw.nii,/home/runnerx/actions-runner/_work/example-notebooks/example-notebooks/books/structural_imaging/bids/sub-2/ses-1/anat/sub-2_ses-1_run-01_T1w.nii,1,32,Regular,0.25 ] --convergence [ 1000x500x250x0,1e-6,10 ] --shrink-factors 8x4x2x1 --smoothing-sigmas 3x2x1x0vox --transform Affine[ 0.1 ] --metric MI[ /home/runnerx/actions-runner/_work/example-notebooks/example-notebooks/books/structural_imaging/bids/sub-2/ses-1/anat/sub-2_ses-1_run-01_part-mag_T2starw.nii,/home/runnerx/actions-runner/_work/example-notebooks/example-notebooks/books/structural_imaging/bids/sub-2/ses-1/anat/sub-2_ses-1_run-01_T1w.nii,1,32,Regular,0.25 ] --convergence [ 1000x500x250x0,1e-6,10 ] --shrink-factors 8x4x2x1 --smoothing-sigmas 3x2x1x0vox --transform SyN[ 0.1,3,0 ] --metric MI[ /home/runnerx/actions-runner/_work/example-notebooks/example-notebooks/books/structural_imaging/bids/sub-2/ses-1/anat/sub-2_ses-1_run-01_part-mag_T2starw.nii,/home/runnerx/actions-runner/_work/example-notebooks/example-notebooks/books/structural_imaging/bids/sub-2/ses-1/anat/sub-2_ses-1_run-01_T1w.nii,1,32] --convergence [ 100x70x50x0,1e-6,10 ] --shrink-factors 8x4x2x1 --smoothing-sigmas 3x2x1x0vox
--------------------------------------------------------------------------------------
All_Command_lines_OK
Using double precision for computations.
=============================================================================
The composite transform comprises the following transforms (in order): 
  1. Center of mass alignment using fixed image: /home/runnerx/actions-runner/_work/example-notebooks/example-notebooks/books/structural_imaging/bids/sub-2/ses-1/anat/sub-2_ses-1_run-01_part-mag_T2starw.nii and moving image: /home/runnerx/actions-runner/_work/example-notebooks/example-notebooks/books/structural_imaging/bids/sub-2/ses-1/anat/sub-2_ses-1_run-01_T1w.nii (type = Euler3DTransform)
=============================================================================
  number of levels = 4
  number of levels = 4
  number of levels = 4
  fixed image: /home/runnerx/actions-runner/_work/example-notebooks/example-notebooks/books/structural_imaging/bids/sub-2/ses-1/anat/sub-2_ses-1_run-01_part-mag_T2starw.nii
  moving image: /home/runnerx/actions-runner/_work/example-notebooks/example-notebooks/books/structural_imaging/bids/sub-2/ses-1/anat/sub-2_ses-1_run-01_T1w.nii
  fixed image: /home/runnerx/actions-runner/_work/example-notebooks/example-notebooks/books/structural_imaging/bids/sub-2/ses-1/anat/sub-2_ses-1_run-01_part-mag_T2starw.nii
  moving image: /home/runnerx/actions-runner/_work/example-notebooks/example-notebooks/books/structural_imaging/bids/sub-2/ses-1/anat/sub-2_ses-1_run-01_T1w.nii
  fixed image: /home/runnerx/actions-runner/_work/example-notebooks/example-notebooks/books/structural_imaging/bids/sub-2/ses-1/anat/sub-2_ses-1_run-01_part-mag_T2starw.nii
  moving image: /home/runnerx/actions-runner/_work/example-notebooks/example-notebooks/books/structural_imaging/bids/sub-2/ses-1/anat/sub-2_ses-1_run-01_T1w.nii
Dimension = 3
Number of stages = 3
Use Histogram Matching false
Winsorize image intensities true
Lower quantile = 0.005
Upper quantile = 0.995
Stage 1 State
   Image metric = Mattes
     Fixed image = Image (0x4c3be80)
  RTTI typeinfo:   itk::Image<double, 3u>
  Reference Count: 2
  Modified Time: 1732
  Debug: Off
  Object Name: 
  Observers: 
    none
  Source: (none)
  Source output name: (none)
  Release Data: Off
  Data Released: False
  Global Release Data: Off
  PipelineMTime: 0
  UpdateMTime: 1515
  RealTimeStamp: 0 seconds 
  LargestPossibleRegion: 
    Dimension: 3
    Index: [0, 0, 0]
    Size: [224, 224, 160]
  BufferedRegion: 
    Dimension: 3
    Index: [0, 0, 0]
    Size: [224, 224, 160]
  RequestedRegion: 
    Dimension: 3
    Index: [0, 0, 0]
    Size: [224, 224, 160]
  Spacing: [1, 1, 1]
  Origin: [104.584, 102.353, -63.1268]
  Direction: 
-0.99933 0.0303577 0.0204503
-0.0298167 -0.99921 0.0262605
0.0212314 0.0256331 0.999446

  IndexToPointMatrix: 
-0.99933 0.0303577 0.0204503
-0.0298167 -0.99921 0.0262605
0.0212314 0.0256331 0.999446

  PointToIndexMatrix: 
-0.99933 -0.0298167 0.0212314
0.0303577 -0.99921 0.0256331
0.0204503 0.0262605 0.999446

  Inverse Direction: 
-0.99933 -0.0298167 0.0212314
0.0303577 -0.99921 0.0256331
0.0204503 0.0262605 0.999446

  PixelContainer: 
    ImportImageContainer (0x4c37c40)
      RTTI typeinfo:   itk::ImportImageContainer<unsigned long, double>
      Reference Count: 1
      Modified Time: 1512
      Debug: Off
      Object Name: 
      Observers: 
        none
      Pointer: 0x7f27be9db010
      Container manages memory: true
      Size: 8028160
      Capacity: 8028160

     Moving image = Image (0x4c532a0)
  RTTI typeinfo:   itk::Image<double, 3u>
  Reference Count: 2
  Modified Time: 1733
  Debug: Off
  Object Name: 
  Observers: 
    none
  Source: (none)
  Source output name: (none)
  Release Data: Off
  Data Released: False
  Global Release Data: Off
  PipelineMTime: 0
  UpdateMTime: 1730
  RealTimeStamp: 0 seconds 
  LargestPossibleRegion: 
    Dimension: 3
    Index: [0, 0, 0]
    Size: [288, 378, 420]
  BufferedRegion: 
    Dimension: 3
    Index: [0, 0, 0]
    Size: [288, 378, 420]
  RequestedRegion: 
    Dimension: 3
    Index: [0, 0, 0]
    Size: [288, 378, 420]
  Spacing: [0.5, 0.533333, 0.533333]
  Origin: [75.0348, 90.125, -137.286]
  Direction: 
-0.999859 -0.01105 -0.0126378
0.0126514 -0.990819 -0.134605
-0.0110344 -0.134746 0.990819

  IndexToPointMatrix: 
-0.49993 -0.00589333 -0.00674016
0.00632572 -0.528437 -0.0717891
-0.00551719 -0.0718643 0.528437

  PointToIndexMatrix: 
-1.99972 0.0253029 -0.0220688
-0.0207187 -1.85778 -0.252648
-0.0236959 -0.252384 1.85779

  Inverse Direction: 
-0.999859 0.0126514 -0.0110344
-0.01105 -0.990819 -0.134746
-0.0126378 -0.134605 0.990819

  PixelContainer: 
    ImportImageContainer (0x4c4c450)
      RTTI typeinfo:   itk::ImportImageContainer<unsigned long, double>
      Reference Count: 1
      Modified Time: 1727
      Debug: Off
      Object Name: 
      Observers: 
        none
      Pointer: 0x7f27a8d04010
      Container manages memory: true
      Size: 45722880
      Capacity: 45722880

     Weighting = 1
     Sampling strategy = regular
     Number of bins = 32
     Radius = 4
     Sampling percentage  = 0.25
   Transform = Rigid
     Gradient step = 0.1
     Update field sigma (voxel space) = 0
     Total field sigma (voxel space) = 0
     Update field time sigma = 0
     Total field time sigma  = 0
     Number of time indices = 0
     Number of time point samples = 0
Stage 2 State
   Image metric = Mattes
     Fixed image = Image (0x4c56bf0)
  RTTI typeinfo:   itk::Image<double, 3u>
  Reference Count: 2
  Modified Time: 2162
  Debug: Off
  Object Name: 
  Observers: 
    none
  Source: (none)
  Source output name: (none)
  Release Data: Off
  Data Released: False
  Global Release Data: Off
  PipelineMTime: 0
  UpdateMTime: 1945
  RealTimeStamp: 0 seconds 
  LargestPossibleRegion: 
    Dimension: 3
    Index: [0, 0, 0]
    Size: [224, 224, 160]
  BufferedRegion: 
    Dimension: 3
    Index: [0, 0, 0]
    Size: [224, 224, 160]
  RequestedRegion: 
    Dimension: 3
    Index: [0, 0, 0]
    Size: [224, 224, 160]
  Spacing: [1, 1, 1]
  Origin: [104.584, 102.353, -63.1268]
  Direction: 
-0.99933 0.0303577 0.0204503
-0.0298167 -0.99921 0.0262605
0.0212314 0.0256331 0.999446

  IndexToPointMatrix: 
-0.99933 0.0303577 0.0204503
-0.0298167 -0.99921 0.0262605
0.0212314 0.0256331 0.999446

  PointToIndexMatrix: 
-0.99933 -0.0298167 0.0212314
0.0303577 -0.99921 0.0256331
0.0204503 0.0262605 0.999446

  Inverse Direction: 
-0.99933 -0.0298167 0.0212314
0.0303577 -0.99921 0.0256331
0.0204503 0.0262605 0.999446

  PixelContainer: 
    ImportImageContainer (0x4c4fdf0)
      RTTI typeinfo:   itk::ImportImageContainer<unsigned long, double>
      Reference Count: 1
      Modified Time: 1942
      Debug: Off
      Object Name: 
      Observers: 
        none
      Pointer: 0x7f27a4fc3010
      Container manages memory: true
      Size: 8028160
      Capacity: 8028160

     Moving image = Image (0x4c56e80)
  RTTI typeinfo:   itk::Image<double, 3u>
  Reference Count: 2
  Modified Time: 2163
  Debug: Off
  Object Name: 
  Observers: 
    none
  Source: (none)
  Source output name: (none)
  Release Data: Off
  Data Released: False
  Global Release Data: Off
  PipelineMTime: 0
  UpdateMTime: 2160
  RealTimeStamp: 0 seconds 
  LargestPossibleRegion: 
    Dimension: 3
    Index: [0, 0, 0]
    Size: [288, 378, 420]
  BufferedRegion: 
    Dimension: 3
    Index: [0, 0, 0]
    Size: [288, 378, 420]
  RequestedRegion: 
    Dimension: 3
    Index: [0, 0, 0]
    Size: [288, 378, 420]
  Spacing: [0.5, 0.533333, 0.533333]
  Origin: [75.0348, 90.125, -137.286]
  Direction: 
-0.999859 -0.01105 -0.0126378
0.0126514 -0.990819 -0.134605
-0.0110344 -0.134746 0.990819

  IndexToPointMatrix: 
-0.49993 -0.00589333 -0.00674016
0.00632572 -0.528437 -0.0717891
-0.00551719 -0.0718643 0.528437

  PointToIndexMatrix: 
-1.99972 0.0253029 -0.0220688
-0.0207187 -1.85778 -0.252648
-0.0236959 -0.252384 1.85779

  Inverse Direction: 
-0.999859 0.0126514 -0.0110344
-0.01105 -0.990819 -0.134746
-0.0126378 -0.134605 0.990819

  PixelContainer: 
    ImportImageContainer (0x4c37be0)
      RTTI typeinfo:   itk::ImportImageContainer<unsigned long, double>
      Reference Count: 1
      Modified Time: 2157
      Debug: Off
      Object Name: 
      Observers: 
        none
      Pointer: 0x7f278f2ec010
      Container manages memory: true
      Size: 45722880
      Capacity: 45722880

     Weighting = 1
     Sampling strategy = regular
     Number of bins = 32
     Radius = 4
     Sampling percentage  = 0.25
   Transform = Affine
     Gradient step = 0.1
     Update field sigma (voxel space) = 0
     Total field sigma (voxel space) = 0
     Update field time sigma = 0
     Total field time sigma  = 0
     Number of time indices = 0
     Number of time point samples = 0
Stage 3 State
   Image metric = Mattes
     Fixed image = Image (0x4c47810)
  RTTI typeinfo:   itk::Image<double, 3u>
  Reference Count: 2
  Modified Time: 2592
  Debug: Off
  Object Name: 
  Observers: 
    none
  Source: (none)
  Source output name: (none)
  Release Data: Off
  Data Released: False
  Global Release Data: Off
  PipelineMTime: 0
  UpdateMTime: 2375
  RealTimeStamp: 0 seconds 
  LargestPossibleRegion: 
    Dimension: 3
    Index: [0, 0, 0]
    Size: [224, 224, 160]
  BufferedRegion: 
    Dimension: 3
    Index: [0, 0, 0]
    Size: [224, 224, 160]
  RequestedRegion: 
    Dimension: 3
    Index: [0, 0, 0]
    Size: [224, 224, 160]
  Spacing: [1, 1, 1]
  Origin: [104.584, 102.353, -63.1268]
  Direction: 
-0.99933 0.0303577 0.0204503
-0.0298167 -0.99921 0.0262605
0.0212314 0.0256331 0.999446

  IndexToPointMatrix: 
-0.99933 0.0303577 0.0204503
-0.0298167 -0.99921 0.0262605
0.0212314 0.0256331 0.999446

  PointToIndexMatrix: 
-0.99933 -0.0298167 0.0212314
0.0303577 -0.99921 0.0256331
0.0204503 0.0262605 0.999446

  Inverse Direction: 
-0.99933 -0.0298167 0.0212314
0.0303577 -0.99921 0.0256331
0.0204503 0.0262605 0.999446

  PixelContainer: 
    ImportImageContainer (0x4c4c260)
      RTTI typeinfo:   itk::ImportImageContainer<unsigned long, double>
      Reference Count: 1
      Modified Time: 2372
      Debug: Off
      Object Name: 
      Observers: 
        none
      Pointer: 0x7f278b5ab010
      Container manages memory: true
      Size: 8028160
      Capacity: 8028160

     Moving image = Image (0x4c655e0)
  RTTI typeinfo:   itk::Image<double, 3u>
  Reference Count: 2
  Modified Time: 2593
  Debug: Off
  Object Name: 
  Observers: 
    none
  Source: (none)
  Source output name: (none)
  Release Data: Off
  Data Released: False
  Global Release Data: Off
  PipelineMTime: 0
  UpdateMTime: 2590
  RealTimeStamp: 0 seconds 
  LargestPossibleRegion: 
    Dimension: 3
    Index: [0, 0, 0]
    Size: [288, 378, 420]
  BufferedRegion: 
    Dimension: 3
    Index: [0, 0, 0]
    Size: [288, 378, 420]
  RequestedRegion: 
    Dimension: 3
    Index: [0, 0, 0]
    Size: [288, 378, 420]
  Spacing: [0.5, 0.533333, 0.533333]
  Origin: [75.0348, 90.125, -137.286]
  Direction: 
-0.999859 -0.01105 -0.0126378
0.0126514 -0.990819 -0.134605
-0.0110344 -0.134746 0.990819

  IndexToPointMatrix: 
-0.49993 -0.00589333 -0.00674016
0.00632572 -0.528437 -0.0717891
-0.00551719 -0.0718643 0.528437

  PointToIndexMatrix: 
-1.99972 0.0253029 -0.0220688
-0.0207187 -1.85778 -0.252648
-0.0236959 -0.252384 1.85779

  Inverse Direction: 
-0.999859 0.0126514 -0.0110344
-0.01105 -0.990819 -0.134746
-0.0126378 -0.134605 0.990819

  PixelContainer: 
    ImportImageContainer (0x4c684b0)
      RTTI typeinfo:   itk::ImportImageContainer<unsigned long, double>
      Reference Count: 1
      Modified Time: 2587
      Debug: Off
      Object Name: 
      Observers: 
        none
      Pointer: 0x7f27758d4010
      Container manages memory: true
      Size: 45722880
      Capacity: 45722880

     Weighting = 1
     Sampling strategy = none
     Number of bins = 32
     Radius = 4
     Sampling percentage  = 1
   Transform = SyN
     Gradient step = 0.1
     Update field sigma (voxel space) = 3
     Total field sigma (voxel space) = 0
     Update field time sigma = 0
     Total field time sigma  = 0
     Number of time indices = 0
     Number of time point samples = 0
Registration using 3 total stages.

Stage 0
  iterations = 1000x500x250x0
  convergence threshold = 1e-06
  convergence window size = 10
  number of levels = 4
  using the Mattes MI metric (number of bins = 32, weight = 1)
  preprocessing:  winsorizing the image intensities
  Shrink factors (level 1 out of 4): [8, 8, 8]
  Shrink factors (level 2 out of 4): [4, 4, 4]
  Shrink factors (level 3 out of 4): [2, 2, 2]
  Shrink factors (level 4 out of 4): [1, 1, 1]
  smoothing sigmas per level: [3, 2, 1, 0]
  regular sampling (percentage = 0.25)

*** Running Euler3DTransform registration ***

DIAGNOSTIC,Iteration,metricValue,convergenceValue,ITERATION_TIME_INDEX,SINCE_LAST
 2DIAGNOSTIC,     1, -4.740673433453e-01, 1.797693134862e+308, 1.3276e+00, 1.3276e+00, 
 2DIAGNOSTIC,     2, -4.770056298923e-01, 1.797693134862e+308, 1.3317e+00, 4.1091e-03, 
 2DIAGNOSTIC,     3, -4.838936311646e-01, 1.797693134862e+308, 1.3362e+00, 4.4749e-03, 
 2DIAGNOSTIC,     4, -4.933083468576e-01, 1.797693134862e+308, 1.3403e+00, 4.1461e-03, 
 2DIAGNOSTIC,     5, -5.034828442630e-01, 1.797693134862e+308, 1.3447e+00, 4.3499e-03, 
 2DIAGNOSTIC,     6, -5.209239131214e-01, 1.797693134862e+308, 1.3495e+00, 4.8161e-03, 
 2DIAGNOSTIC,     7, -5.733643416937e-01, 1.797693134862e+308, 1.3543e+00, 4.7789e-03, 
 2DIAGNOSTIC,     8, -5.788765332223e-01, 1.797693134862e+308, 1.3580e+00, 3.7539e-03, 
 2DIAGNOSTIC,     9, -5.921107973981e-01, 1.797693134862e+308, 1.3622e+00, 4.2150e-03, 
 2DIAGNOSTIC,    10, -6.541073420427e-01, 2.058596510674e-02, 1.3685e+00, 6.2389e-03, 
 2DIAGNOSTIC,    11, -6.588006195764e-01, 2.098658787432e-02, 1.3751e+00, 6.5770e-03, 
 2DIAGNOSTIC,    12, -6.588951867354e-01, 1.958473284658e-02, 1.3812e+00, 6.1791e-03, 
 2DIAGNOSTIC,    13, -6.593536851529e-01, 1.700910939436e-02, 1.3848e+00, 3.5541e-03, 
 2DIAGNOSTIC,    14, -6.590843393629e-01, 1.367126276683e-02, 1.3886e+00, 3.8249e-03, 
 2DIAGNOSTIC,    15, -6.592203867891e-01, 9.917154590082e-03, 1.3937e+00, 5.1370e-03, 
 2DIAGNOSTIC,    16, -6.598970035141e-01, 6.299852956928e-03, 1.3989e+00, 5.1420e-03, 
 2DIAGNOSTIC,    17, -6.603196996480e-01, 4.121345295580e-03, 1.4039e+00, 4.9851e-03, 
 2DIAGNOSTIC,    18, -6.604742293564e-01, 1.998852487069e-03, 1.4106e+00, 6.7511e-03, 
 2DIAGNOSTIC,    19, -6.600729497637e-01, 2.210246688903e-04, 1.4197e+00, 9.1009e-03, 
 2DIAGNOSTIC,    20, -6.602056418426e-01, 9.474907087015e-05, 1.4249e+00, 5.1930e-03, 
 2DIAGNOSTIC,    21, -6.600295216347e-01, 7.443085156260e-05, 1.4288e+00, 3.8691e-03, 
 2DIAGNOSTIC,    22, -6.598860813134e-01, 4.780305212664e-05, 1.4331e+00, 4.3480e-03, 
 2DIAGNOSTIC,    23, -6.599479909710e-01, 3.045747273732e-05, 1.4370e+00, 3.8409e-03, 
 2DIAGNOSTIC,    24, -6.598143086974e-01, 4.329464612172e-06, 1.4404e+00, 3.4389e-03, 
DIAGNOSTIC,Iteration,metricValue,convergenceValue,ITERATION_TIME_INDEX,SINCE_LAST
 2DIAGNOSTIC,     1, -5.497849872711e-01, 1.797693134862e+308, 2.8317e+00, 1.3913e+00, 
 2DIAGNOSTIC,     2, -5.500976405970e-01, 1.797693134862e+308, 2.8519e+00, 2.0117e-02, 
 2DIAGNOSTIC,     3, -5.512569450805e-01, 1.797693134862e+308, 2.8767e+00, 2.4804e-02, 
 2DIAGNOSTIC,     4, -5.527893240097e-01, 1.797693134862e+308, 2.9021e+00, 2.5394e-02, 
 2DIAGNOSTIC,     5, -5.545545919713e-01, 1.797693134862e+308, 2.9211e+00, 1.9061e-02, 
 2DIAGNOSTIC,     6, -5.578710178813e-01, 1.797693134862e+308, 2.9412e+00, 2.0027e-02, 
 2DIAGNOSTIC,     7, -5.622893813764e-01, 1.797693134862e+308, 2.9762e+00, 3.5096e-02, 
 2DIAGNOSTIC,     8, -5.656865241562e-01, 1.797693134862e+308, 2.9970e+00, 2.0782e-02, 
 2DIAGNOSTIC,     9, -5.663653087341e-01, 1.797693134862e+308, 3.0197e+00, 2.2684e-02, 
 2DIAGNOSTIC,    10, -5.671659258348e-01, 2.383048623047e-03, 3.0464e+00, 2.6672e-02, 
 2DIAGNOSTIC,    11, -5.674614277859e-01, 2.163646263123e-03, 3.0658e+00, 1.9465e-02, 
 2DIAGNOSTIC,    12, -5.697789322762e-01, 1.895440474703e-03, 3.0910e+00, 2.5132e-02, 
 2DIAGNOSTIC,    13, -5.702643091823e-01, 1.558896394474e-03, 3.1142e+00, 2.3237e-02, 
 2DIAGNOSTIC,    14, -5.705672420035e-01, 1.198297010367e-03, 3.1376e+00, 2.3427e-02, 
 2DIAGNOSTIC,    15, -5.706103485406e-01, 8.395125195067e-04, 3.1592e+00, 2.1539e-02, 
 2DIAGNOSTIC,    16, -5.713680381493e-01, 5.756112353001e-04, 3.1800e+00, 2.0857e-02, 
 2DIAGNOSTIC,    17, -5.724123947410e-01, 4.486699658981e-04, 3.2026e+00, 2.2607e-02, 
 2DIAGNOSTIC,    18, -5.723973773551e-01, 3.883865573638e-04, 3.2220e+00, 1.9386e-02, 
 2DIAGNOSTIC,    19, -5.726115457665e-01, 3.233997948716e-04, 3.2447e+00, 2.2657e-02, 
 2DIAGNOSTIC,    20, -5.728135238251e-01, 2.612144924982e-04, 3.2701e+00, 2.5402e-02, 
 2DIAGNOSTIC,    21, -5.728313419522e-01, 1.865555214049e-04, 3.2983e+00, 2.8191e-02, 
 2DIAGNOSTIC,    22, -5.729317663849e-01, 1.562178134694e-04, 3.3206e+00, 2.2332e-02, 
 2DIAGNOSTIC,    23, -5.731675473558e-01, 1.298452412655e-04, 3.3436e+00, 2.3009e-02, 
 2DIAGNOSTIC,    24, -5.731955767117e-01, 1.009133257942e-04, 3.3669e+00, 2.3242e-02, 
 2DIAGNOSTIC,    25, -5.732972694504e-01, 6.768624603639e-05, 3.3921e+00, 2.5224e-02, 
 2DIAGNOSTIC,    26, -5.732880035220e-01, 4.473059580249e-05, 3.4120e+00, 1.9928e-02, 
 2DIAGNOSTIC,    27, -5.732451327165e-01, 3.810793658195e-05, 3.4342e+00, 2.2192e-02, 
 2DIAGNOSTIC,    28, -5.732327916572e-01, 2.790185862963e-05, 3.4538e+00, 1.9606e-02, 
 2DIAGNOSTIC,    29, -5.732186789360e-01, 1.923510567850e-05, 3.4736e+00, 1.9794e-02, 
 2DIAGNOSTIC,    30, -5.732969457505e-01, 1.415714314795e-05, 3.5014e+00, 2.7802e-02, 
 2DIAGNOSTIC,    31, -5.733580478870e-01, 9.410293403934e-06, 3.5282e+00, 2.6794e-02, 
 2DIAGNOSTIC,    32, -5.734003801155e-01, 6.325029736652e-06, 3.5472e+00, 1.9010e-02, 
 2DIAGNOSTIC,    33, -5.734048857133e-01, 6.590855458684e-06, 3.5654e+00, 1.8151e-02, 
 2DIAGNOSTIC,    34, -5.734094653767e-01, 6.752837597386e-06, 3.5845e+00, 1.9111e-02, 
 2DIAGNOSTIC,    35, -5.734984268380e-01, 9.059228697744e-06, 3.6137e+00, 2.9238e-02, 
 2DIAGNOSTIC,    36, -5.735879016171e-01, 1.153394061531e-05, 3.6354e+00, 2.1645e-02, 
 2DIAGNOSTIC,    37, -5.736304259544e-01, 1.284402450611e-05, 3.6636e+00, 2.8241e-02, 
 2DIAGNOSTIC,    38, -5.736238152170e-01, 1.273966155835e-05, 3.6854e+00, 2.1764e-02, 
 2DIAGNOSTIC,    39, -5.735799703115e-01, 1.077637753366e-05, 3.7046e+00, 1.9213e-02, 
 2DIAGNOSTIC,    40, -5.735789466612e-01, 8.913316681312e-06, 3.7724e+00, 6.7826e-02, 
 2DIAGNOSTIC,    41, -5.735789465832e-01, 7.067337897022e-06, 3.8355e+00, 6.3088e-02, 
 2DIAGNOSTIC,    42, -5.735789465832e-01, 5.208772939976e-06, 3.8568e+00, 2.1338e-02, 
 2DIAGNOSTIC,    43, -5.735789465832e-01, 3.094036391389e-06, 3.8850e+00, 2.8150e-02, 
DIAGNOSTIC,Iteration,metricValue,convergenceValue,ITERATION_TIME_INDEX,SINCE_LAST
 2DIAGNOSTIC,     1, -4.881985165049e-01, 1.797693134862e+308, 5.4981e+00, 1.6131e+00, 
 2DIAGNOSTIC,     2, -4.886134330607e-01, 1.797693134862e+308, 5.6482e+00, 1.5006e-01, 
 2DIAGNOSTIC,     3, -4.890754221572e-01, 1.797693134862e+308, 5.7991e+00, 1.5092e-01, 
 2DIAGNOSTIC,     4, -4.894223051066e-01, 1.797693134862e+308, 5.9678e+00, 1.6873e-01, 
 2DIAGNOSTIC,     5, -4.895297581916e-01, 1.797693134862e+308, 6.1345e+00, 1.6668e-01, 
 2DIAGNOSTIC,     6, -4.895427682302e-01, 1.797693134862e+308, 6.3247e+00, 1.9018e-01, 
 2DIAGNOSTIC,     7, -4.896264669729e-01, 1.797693134862e+308, 6.5181e+00, 1.9346e-01, 
 2DIAGNOSTIC,     8, -4.897242515525e-01, 1.797693134862e+308, 6.6630e+00, 1.4490e-01, 
 2DIAGNOSTIC,     9, -4.899138344779e-01, 1.797693134862e+308, 6.8092e+00, 1.4615e-01, 
 2DIAGNOSTIC,    10, -4.902294879341e-01, 2.192187353981e-04, 6.9585e+00, 1.4937e-01, 
 2DIAGNOSTIC,    11, -4.905969362316e-01, 1.845406655957e-04, 7.1263e+00, 1.6774e-01, 
 2DIAGNOSTIC,    12, -4.906573278135e-01, 1.617445701394e-04, 7.2941e+00, 1.6783e-01, 
 2DIAGNOSTIC,    13, -4.906547430209e-01, 1.484653089277e-04, 7.4375e+00, 1.4337e-01, 
 2DIAGNOSTIC,    14, -4.907723724088e-01, 1.430981448599e-04, 7.6091e+00, 1.7164e-01, 
 2DIAGNOSTIC,    15, -4.907268328929e-01, 1.276953894979e-04, 7.7833e+00, 1.7423e-01, 
 2DIAGNOSTIC,    16, -4.907407527173e-01, 1.035727862982e-04, 7.9297e+00, 1.4637e-01, 
 2DIAGNOSTIC,    17, -4.907782545131e-01, 7.718709812179e-05, 8.1880e+00, 2.5830e-01, 
 2DIAGNOSTIC,    18, -4.908578958444e-01, 5.256540119403e-05, 8.3333e+00, 1.4526e-01, 
 2DIAGNOSTIC,    19, -4.909656793661e-01, 3.469518448362e-05, 8.5022e+00, 1.6894e-01, 
 2DIAGNOSTIC,    20, -4.909833530298e-01, 2.489092200054e-05, 8.6696e+00, 1.6735e-01, 
 2DIAGNOSTIC,    21, -4.909889639897e-01, 2.420955145734e-05, 8.9096e+00, 2.4001e-01, 
 2DIAGNOSTIC,    22, -4.909887887124e-01, 2.310018365187e-05, 9.4685e+00, 5.5891e-01, 
 2DIAGNOSTIC,    23, -4.909887887115e-01, 1.986490666745e-05, 9.9729e+00, 5.0435e-01, 
 2DIAGNOSTIC,    24, -4.909887887115e-01, 1.800875350229e-05, 1.0142e+01, 1.6876e-01, 
 2DIAGNOSTIC,    25, -4.909887887115e-01, 1.369348495114e-05, 1.0313e+01, 1.7146e-01, 
 2DIAGNOSTIC,    26, -4.909887887115e-01, 8.886032364770e-06, 1.0480e+01, 1.6675e-01, 
 2DIAGNOSTIC,    27, -4.909887887115e-01, 4.503390566339e-06, 1.0657e+01, 1.7709e-01, 
 2DIAGNOSTIC,    28, -4.909887887115e-01, 1.711691642411e-06, 1.0825e+01, 1.6781e-01, 
 2DIAGNOSTIC,    29, -4.909887887115e-01, 1.203872385495e-06, 1.1000e+01, 1.7494e-01, 
 2DIAGNOSTIC,    30, -4.909887887115e-01, 1.058253814398e-06, 1.1169e+01, 1.6984e-01, 
 2DIAGNOSTIC,    31, -4.909887887115e-01, 1.027352629808e-06, 1.1336e+01, 1.6631e-01, 
DIAGNOSTIC,Iteration,metricValue,convergenceValue,ITERATION_TIME_INDEX,SINCE_LAST
 2DIAGNOSTIC,     1, -4.133913151933e-01, 1.797693134862e+308, 1.3453e+01, 2.1171e+00, 
  Elapsed time (stage 0): 1.4432e+01


Stage 1
  iterations = 1000x500x250x0
  convergence threshold = 1.0000e-06
  convergence window size = 10
  number of levels = 4
  using the Mattes MI metric (number of bins = 32, weight = 1.0000e+00)
  preprocessing:  winsorizing the image intensities
  Shrink factors (level 1 out of 4): [8, 8, 8]
  Shrink factors (level 2 out of 4): [4, 4, 4]
  Shrink factors (level 3 out of 4): [2, 2, 2]
  Shrink factors (level 4 out of 4): [1, 1, 1]
  smoothing sigmas per level: [3, 2, 1, 0]
  regular sampling (percentage = 2.5000e-01)

*** Running AffineTransform registration ***

DIAGNOSTIC,Iteration,metricValue,convergenceValue,ITERATION_TIME_INDEX,SINCE_LAST
 2DIAGNOSTIC,     1, -6.793389055484e-01, 1.797693134862e+308, 1.3347e+00, 1.3347e+00, 
 2DIAGNOSTIC,     2, -6.808424528171e-01, 1.797693134862e+308, 1.3380e+00, 3.3581e-03, 
 2DIAGNOSTIC,     3, -6.814153963657e-01, 1.797693134862e+308, 1.3415e+00, 3.5219e-03, 
 2DIAGNOSTIC,     4, -6.836122106771e-01, 1.797693134862e+308, 1.3460e+00, 4.4949e-03, 
 2DIAGNOSTIC,     5, -6.864927882938e-01, 1.797693134862e+308, 1.3521e+00, 6.0840e-03, 
 2DIAGNOSTIC,     6, -6.849184496509e-01, 1.797693134862e+308, 1.3584e+00, 6.2499e-03, 
 2DIAGNOSTIC,     7, -6.851007556361e-01, 1.797693134862e+308, 1.3646e+00, 6.2242e-03, 
 2DIAGNOSTIC,     8, -6.849033313652e-01, 1.797693134862e+308, 1.3694e+00, 4.7760e-03, 
 2DIAGNOSTIC,     9, -6.852968034590e-01, 1.797693134862e+308, 1.3741e+00, 4.7140e-03, 
 2DIAGNOSTIC,    10, -6.864399304513e-01, 5.798843327129e-04, 1.3783e+00, 4.2191e-03, 
 2DIAGNOSTIC,    11, -6.882749222358e-01, 4.670810722423e-04, 1.3825e+00, 4.1950e-03, 
 2DIAGNOSTIC,    12, -6.917350325610e-01, 5.040704782119e-04, 1.3870e+00, 4.5340e-03, 
 2DIAGNOSTIC,    13, -6.954429562156e-01, 6.228233168117e-04, 1.3921e+00, 5.0750e-03, 
 2DIAGNOSTIC,    14, -7.078456158597e-01, 1.094237759020e-03, 1.3998e+00, 7.7288e-03, 
 2DIAGNOSTIC,    15, -7.120233917013e-01, 1.588589211842e-03, 1.4054e+00, 5.6100e-03, 
 2DIAGNOSTIC,    16, -7.131283696562e-01, 1.862821246431e-03, 1.4110e+00, 5.5890e-03, 
 2DIAGNOSTIC,    17, -7.149747640434e-01, 1.985659509516e-03, 1.4187e+00, 7.6599e-03, 
 2DIAGNOSTIC,    18, -7.167882245108e-01, 1.946631512026e-03, 1.4237e+00, 5.0101e-03, 
 2DIAGNOSTIC,    19, -7.176296598176e-01, 1.754022466264e-03, 1.4287e+00, 5.0058e-03, 
 2DIAGNOSTIC,    20, -7.181945216969e-01, 1.452654528648e-03, 1.4333e+00, 4.5979e-03, 
 2DIAGNOSTIC,    21, -7.203157267572e-01, 1.125106797976e-03, 1.4385e+00, 5.1758e-03, 
 2DIAGNOSTIC,    22, -7.207889314770e-01, 7.968620069831e-04, 1.4437e+00, 5.1889e-03, 
 2DIAGNOSTIC,    23, -7.229137848724e-01, 5.213626547649e-04, 1.4483e+00, 4.6759e-03, 
 2DIAGNOSTIC,    24, -7.220668759051e-01, 4.143698055717e-04, 1.4519e+00, 3.5350e-03, 
 2DIAGNOSTIC,    25, -7.227902911873e-01, 3.578664929568e-04, 1.4570e+00, 5.0969e-03, 
 2DIAGNOSTIC,    26, -7.232668762206e-01, 2.961418503329e-04, 1.4621e+00, 5.1150e-03, 
 2DIAGNOSTIC,    27, -7.235957492398e-01, 2.428370957268e-04, 1.4695e+00, 7.3869e-03, 
 2DIAGNOSTIC,    28, -7.236836401507e-01, 1.979915898680e-04, 1.4740e+00, 4.5450e-03, 
 2DIAGNOSTIC,    29, -7.238013216482e-01, 1.515209844187e-04, 1.4787e+00, 4.7140e-03, 
 2DIAGNOSTIC,    30, -7.237638745774e-01, 1.007360815234e-04, 1.4825e+00, 3.7560e-03, 
 2DIAGNOSTIC,    31, -7.237752636042e-01, 7.148112238248e-05, 1.4864e+00, 3.8979e-03, 
 2DIAGNOSTIC,    32, -7.238073378393e-01, 4.296100457789e-05, 1.4905e+00, 4.1330e-03, 
 2DIAGNOSTIC,    33, -7.238579693148e-01, 3.920005898087e-05, 1.4953e+00, 4.8060e-03, 
 2DIAGNOSTIC,    34, -7.240392689742e-01, 2.401996765935e-05, 1.5019e+00, 6.6090e-03, 
 2DIAGNOSTIC,    35, -7.243844552079e-01, 1.966321817274e-05, 1.5072e+00, 5.2831e-03, 
 2DIAGNOSTIC,    36, -7.244163471351e-01, 1.929382832448e-05, 1.5128e+00, 5.5461e-03, 
 2DIAGNOSTIC,    37, -7.244538314461e-01, 2.120860021484e-05, 1.5191e+00, 6.3472e-03, 
 2DIAGNOSTIC,    38, -7.243263282347e-01, 2.066369180916e-05, 1.5256e+00, 6.5160e-03, 
 2DIAGNOSTIC,    39, -7.243997267745e-01, 2.024242588989e-05, 1.5302e+00, 4.5922e-03, 
 2DIAGNOSTIC,    40, -7.242543847134e-01, 1.607468577055e-05, 1.5345e+00, 4.2300e-03, 
 2DIAGNOSTIC,    41, -7.242665861184e-01, 1.092435620397e-05, 1.5408e+00, 6.3300e-03, 
 2DIAGNOSTIC,    42, -7.245475987298e-01, 8.089109281066e-06, 1.5474e+00, 6.6290e-03, 
 2DIAGNOSTIC,    43, -7.245720482842e-01, 5.303827822923e-06, 1.5534e+00, 5.9571e-03, 
 2DIAGNOSTIC,    44, -7.245880665226e-01, 3.949017443418e-06, 1.5571e+00, 3.7751e-03, 
 2DIAGNOSTIC,    45, -7.244045611694e-01, 3.819826542659e-06, 1.5633e+00, 6.1669e-03, 
 2DIAGNOSTIC,    46, -7.243741190947e-01, 3.444642782645e-06, 1.5709e+00, 7.6058e-03, 
 2DIAGNOSTIC,    47, -7.243781255033e-01, 3.143777548568e-06, 1.5761e+00, 5.2168e-03, 
 2DIAGNOSTIC,    48, -7.243896272531e-01, 1.583997930675e-06, 1.5806e+00, 4.4329e-03, 
DIAGNOSTIC,Iteration,metricValue,convergenceValue,ITERATION_TIME_INDEX,SINCE_LAST
 2DIAGNOSTIC,     1, -5.780380304444e-01, 1.797693134862e+308, 2.9726e+00, 1.3921e+00, 
 2DIAGNOSTIC,     2, -5.793935574874e-01, 1.797693134862e+308, 2.9947e+00, 2.2088e-02, 
 2DIAGNOSTIC,     3, -5.814898580745e-01, 1.797693134862e+308, 3.0173e+00, 2.2588e-02, 
 2DIAGNOSTIC,     4, -5.846644789933e-01, 1.797693134862e+308, 3.0402e+00, 2.2840e-02, 
 2DIAGNOSTIC,     5, -5.883076201095e-01, 1.797693134862e+308, 3.0617e+00, 2.1513e-02, 
 2DIAGNOSTIC,     6, -5.906882317575e-01, 1.797693134862e+308, 3.0920e+00, 3.0341e-02, 
 2DIAGNOSTIC,     7, -5.920843906096e-01, 1.797693134862e+308, 3.1169e+00, 2.4904e-02, 
 2DIAGNOSTIC,     8, -5.924048673352e-01, 1.797693134862e+308, 3.1374e+00, 2.0494e-02, 
 2DIAGNOSTIC,     9, -5.929936677260e-01, 1.797693134862e+308, 3.1588e+00, 2.1398e-02, 
 2DIAGNOSTIC,    10, -5.934136636869e-01, 1.879585228428e-03, 3.1838e+00, 2.5035e-02, 
 2DIAGNOSTIC,    11, -5.935869286964e-01, 1.435656836931e-03, 3.2103e+00, 2.6477e-02, 
 2DIAGNOSTIC,    12, -5.936229013160e-01, 9.945614476381e-04, 3.2368e+00, 2.6470e-02, 
 2DIAGNOSTIC,    13, -5.936321176373e-01, 6.100725956846e-04, 3.2622e+00, 2.5421e-02, 
 2DIAGNOSTIC,    14, -5.935886331198e-01, 3.315079199385e-04, 3.2924e+00, 3.0225e-02, 
 2DIAGNOSTIC,    15, -5.935788750086e-01, 1.753589475559e-04, 3.3167e+00, 2.4224e-02, 
 2DIAGNOSTIC,    16, -5.935964815322e-01, 9.427716367129e-05, 3.3406e+00, 2.3989e-02, 
 2DIAGNOSTIC,    17, -5.936062687085e-01, 5.420674995034e-05, 3.3641e+00, 2.3460e-02, 
 2DIAGNOSTIC,    18, -5.935896791969e-01, 2.166347880524e-05, 3.3850e+00, 2.0851e-02, 
 2DIAGNOSTIC,    19, -5.936021648408e-01, 5.762732272492e-06, 3.4048e+00, 1.9826e-02, 
 2DIAGNOSTIC,    20, -5.937325192890e-01, 4.217445347170e-06, 3.4251e+00, 2.0338e-02, 
 2DIAGNOSTIC,    21, -5.937921355806e-01, 7.780071026267e-06, 3.4499e+00, 2.4764e-02, 
 2DIAGNOSTIC,    22, -5.938134415059e-01, 1.166262109532e-05, 3.4736e+00, 2.3673e-02, 
 2DIAGNOSTIC,    23, -5.937911610364e-01, 1.405817166242e-05, 3.5015e+00, 2.7956e-02, 
 2DIAGNOSTIC,    24, -5.938004749743e-01, 1.441882675173e-05, 3.5241e+00, 2.2633e-02, 
 2DIAGNOSTIC,    25, -5.938091276237e-01, 1.343678332956e-05, 3.5513e+00, 2.7158e-02, 
 2DIAGNOSTIC,    26, -5.938592688037e-01, 1.259623485753e-05, 3.5743e+00, 2.2976e-02, 
 2DIAGNOSTIC,    27, -5.938825685464e-01, 1.135573321105e-05, 3.5976e+00, 2.3333e-02, 
 2DIAGNOSTIC,    28, -5.939117238142e-01, 9.503811153291e-06, 3.6210e+00, 2.3375e-02, 
 2DIAGNOSTIC,    29, -5.940328043218e-01, 9.161531664692e-06, 3.6439e+00, 2.2905e-02, 
 2DIAGNOSTIC,    30, -5.941017412237e-01, 1.119262859779e-05, 3.6674e+00, 2.3462e-02, 
 2DIAGNOSTIC,    31, -5.940710454344e-01, 1.255489243364e-05, 3.6914e+00, 2.4030e-02, 
 2DIAGNOSTIC,    32, -5.943374762442e-01, 1.711613412972e-05, 3.7285e+00, 3.7084e-02, 
 2DIAGNOSTIC,    33, -5.943193150185e-01, 1.917726390163e-05, 3.7541e+00, 2.5652e-02, 
 2DIAGNOSTIC,    34, -5.943222155901e-01, 1.958251914930e-05, 3.7740e+00, 1.9880e-02, 
 2DIAGNOSTIC,    35, -5.943018176713e-01, 1.805763893292e-05, 3.8000e+00, 2.6004e-02, 
 2DIAGNOSTIC,    36, -5.942800239743e-01, 1.538198361017e-05, 3.8282e+00, 2.8174e-02, 
 2DIAGNOSTIC,    37, -5.942800561082e-01, 1.174707976162e-05, 3.8560e+00, 2.7821e-02, 
 2DIAGNOSTIC,    38, -5.942800695034e-01, 7.579911469855e-06, 3.8804e+00, 2.4374e-02, 
 2DIAGNOSTIC,    39, -5.942800769002e-01, 4.496299012353e-06, 3.9070e+00, 2.6614e-02, 
 2DIAGNOSTIC,    40, -5.942801028741e-01, 2.094511229470e-06, 3.9276e+00, 2.0582e-02, 
DIAGNOSTIC,Iteration,metricValue,convergenceValue,ITERATION_TIME_INDEX,SINCE_LAST
 2DIAGNOSTIC,     1, -5.044024982067e-01, 1.797693134862e+308, 5.5848e+00, 1.6573e+00, 
 2DIAGNOSTIC,     2, -5.052973221719e-01, 1.797693134862e+308, 5.7494e+00, 1.6462e-01, 
 2DIAGNOSTIC,     3, -5.064158959463e-01, 1.797693134862e+308, 5.9116e+00, 1.6215e-01, 
 2DIAGNOSTIC,     4, -5.076264623798e-01, 1.797693134862e+308, 6.0731e+00, 1.6147e-01, 
 2DIAGNOSTIC,     5, -5.083260065438e-01, 1.797693134862e+308, 6.2591e+00, 1.8602e-01, 
 2DIAGNOSTIC,     6, -5.086110896705e-01, 1.797693134862e+308, 6.4519e+00, 1.9278e-01, 
 2DIAGNOSTIC,     7, -5.086731949005e-01, 1.797693134862e+308, 6.6345e+00, 1.8260e-01, 
 2DIAGNOSTIC,     8, -5.086463352983e-01, 1.797693134862e+308, 6.8211e+00, 1.8666e-01, 
 2DIAGNOSTIC,     9, -5.086496306581e-01, 1.797693134862e+308, 6.9795e+00, 1.5837e-01, 
 2DIAGNOSTIC,    10, -5.086697043422e-01, 5.238349537628e-04, 7.3048e+00, 3.2527e-01, 
 2DIAGNOSTIC,    11, -5.086913278280e-01, 3.205493646948e-04, 7.4910e+00, 1.8628e-01, 
 2DIAGNOSTIC,    12, -5.086897824649e-01, 1.640091165916e-04, 7.6775e+00, 1.8646e-01, 
 2DIAGNOSTIC,    13, -5.086879765038e-01, 6.421266570460e-05, 7.8665e+00, 1.8900e-01, 
 2DIAGNOSTIC,    14, -5.086860721769e-01, 2.079091429148e-05, 8.0251e+00, 1.5864e-01, 
 2DIAGNOSTIC,    15, -5.086845203989e-01, 7.206030271475e-06, 8.1855e+00, 1.6031e-01, 
 2DIAGNOSTIC,    16, -5.086765245963e-01, 4.458012640887e-06, 8.3485e+00, 1.6300e-01, 
 2DIAGNOSTIC,    17, -5.086796377444e-01, 3.994643225799e-06, 8.5346e+00, 1.8618e-01, 
 2DIAGNOSTIC,    18, -5.086808668416e-01, 2.600679370059e-06, 8.7196e+00, 1.8495e-01, 
 2DIAGNOSTIC,    19, -5.086798346537e-01, 1.330764790204e-06, 8.9021e+00, 1.8252e-01, 
DIAGNOSTIC,Iteration,metricValue,convergenceValue,ITERATION_TIME_INDEX,SINCE_LAST
 2DIAGNOSTIC,     1, -4.213854855308e-01, 1.797693134862e+308, 1.1142e+01, 2.2403e+00, 
  Elapsed time (stage 1): 1.2125e+01


Stage 2
  iterations = 100x70x50x0
  convergence threshold = 1.0000e-06
  convergence window size = 10
  number of levels = 4
  using the Mattes MI metric (number of bins = 32, weight = 1.0000e+00)
  preprocessing:  winsorizing the image intensities
  Shrink factors (level 1 out of 4): [8, 8, 8]
  Shrink factors (level 2 out of 4): [4, 4, 4]
  Shrink factors (level 3 out of 4): [2, 2, 2]
  Shrink factors (level 4 out of 4): [1, 1, 1]
  smoothing sigmas per level: [3, 2, 1, 0]
  Using default NONE metricSamplingStrategy 

*** Running SyN registration (varianceForUpdateField = 3.0000e+00, varianceForTotalField = 0.0000e+00) ***

XXDIAGNOSTIC,Iteration,metricValue,convergenceValue,ITERATION_TIME_INDEX,SINCE_LAST
 1DIAGNOSTIC,     1, -6.450106329736e-01, 1.797693134862e+308, 1.1810e+00, 1.1810e+00, 
 1DIAGNOSTIC,     2, -6.511922093262e-01, 1.797693134862e+308, 1.2269e+00, 4.5872e-02, 
 1DIAGNOSTIC,     3, -6.582113668759e-01, 1.797693134862e+308, 1.2780e+00, 5.1113e-02, 
 1DIAGNOSTIC,     4, -6.639965352057e-01, 1.797693134862e+308, 1.3250e+00, 4.7006e-02, 
 1DIAGNOSTIC,     5, -6.669714394517e-01, 1.797693134862e+308, 1.3665e+00, 4.1506e-02, 
