Node: sub-1 (ses-1 (run-01 (ants_register-t1-to-qsm (ants)
==========================================================


 Hierarchy : workflow_segmentation.sub-1.ses-1.run-01.ants_register-t1-to-qsm
 Exec ID : ants_register-t1-to-qsm


Original Inputs
---------------


* args : <undefined>
* dimension : 3
* environ : {}
* fixed_image : ['/home/runnerx/actions-runner/_work/example-notebooks/example-notebooks/books/structural_imaging/bids/sub-1/ses-1/anat/sub-1_ses-1_run-01_part-mag_T2starw.nii']
* histogram_bins : 32
* moving_image : ['/home/runnerx/actions-runner/_work/example-notebooks/example-notebooks/books/structural_imaging/bids/sub-1/ses-1/anat/sub-1_ses-1_run-01_T1w.nii']
* num_threads : 6
* output_prefix : transform
* precision_type : double
* random_seed : <undefined>
* spline_distance : 26
* transform_type : s
* use_histogram_matching : <undefined>


Execution Inputs
----------------


* args : <undefined>
* dimension : 3
* environ : {}
* fixed_image : ['/home/runnerx/actions-runner/_work/example-notebooks/example-notebooks/books/structural_imaging/bids/sub-1/ses-1/anat/sub-1_ses-1_run-01_part-mag_T2starw.nii']
* histogram_bins : 32
* moving_image : ['/home/runnerx/actions-runner/_work/example-notebooks/example-notebooks/books/structural_imaging/bids/sub-1/ses-1/anat/sub-1_ses-1_run-01_T1w.nii']
* num_threads : 6
* output_prefix : transform
* precision_type : double
* random_seed : <undefined>
* spline_distance : 26
* transform_type : s
* use_histogram_matching : <undefined>


Execution Outputs
-----------------


* forward_warp_field : /home/runnerx/actions-runner/_work/example-notebooks/example-notebooks/books/structural_imaging/segmentations/workflow_segmentation/sub-1/ses-1/run-01/ants_register-t1-to-qsm/transform1Warp.nii.gz
* inverse_warp_field : /home/runnerx/actions-runner/_work/example-notebooks/example-notebooks/books/structural_imaging/segmentations/workflow_segmentation/sub-1/ses-1/run-01/ants_register-t1-to-qsm/transform1InverseWarp.nii.gz
* inverse_warped_image : /home/runnerx/actions-runner/_work/example-notebooks/example-notebooks/books/structural_imaging/segmentations/workflow_segmentation/sub-1/ses-1/run-01/ants_register-t1-to-qsm/transformInverseWarped.nii.gz
* out_matrix : /home/runnerx/actions-runner/_work/example-notebooks/example-notebooks/books/structural_imaging/segmentations/workflow_segmentation/sub-1/ses-1/run-01/ants_register-t1-to-qsm/transform0GenericAffine.mat
* warped_image : /home/runnerx/actions-runner/_work/example-notebooks/example-notebooks/books/structural_imaging/segmentations/workflow_segmentation/sub-1/ses-1/run-01/ants_register-t1-to-qsm/transformWarped.nii.gz


Runtime info
------------


* cmdline : antsRegistrationSyNQuick.sh -d 3 -f /home/runnerx/actions-runner/_work/example-notebooks/example-notebooks/books/structural_imaging/bids/sub-1/ses-1/anat/sub-1_ses-1_run-01_part-mag_T2starw.nii -r 32 -m /home/runnerx/actions-runner/_work/example-notebooks/example-notebooks/books/structural_imaging/bids/sub-1/ses-1/anat/sub-1_ses-1_run-01_T1w.nii -n 6 -o transform -p d -s 26 -t s
* duration : 198.894191
* hostname : cirun-neurodesk--example-notebooks-4b559af
* prev_wd : /home/runnerx/actions-runner/_work/example-notebooks/example-notebooks/books/structural_imaging
* working_dir : /home/runnerx/actions-runner/_work/example-notebooks/example-notebooks/books/structural_imaging/segmentations/workflow_segmentation/sub-1/ses-1/run-01/ants_register-t1-to-qsm


Terminal output
~~~~~~~~~~~~~~~


 


Terminal - standard output
~~~~~~~~~~~~~~~~~~~~~~~~~~


 
--------------------------------------------------------------------------------------
 Mapping parameters
--------------------------------------------------------------------------------------
 ANTSPATH is /opt/ants-2.3.4/

 Dimensionality:           3
 Output name prefix:       transform
 Fixed images:             /home/runnerx/actions-runner/_work/example-notebooks/example-notebooks/books/structural_imaging/bids/sub-1/ses-1/anat/sub-1_ses-1_run-01_part-mag_T2starw.nii
 Moving images:            /home/runnerx/actions-runner/_work/example-notebooks/example-notebooks/books/structural_imaging/bids/sub-1/ses-1/anat/sub-1_ses-1_run-01_T1w.nii
 Mask images:              
 Initial transforms:       
 Number of threads:        6
 Spline distance:          26
 Transform type:           s
 MI histogram bins:        32
 Precision:                d
 Use histogram matching    0
======================================================================================
 antsRegistration call:
--------------------------------------------------------------------------------------
/opt/ants-2.3.4//antsRegistration --verbose 1 --dimensionality 3 --float 0 --collapse-output-transforms 1 --output [ transform,transformWarped.nii.gz,transformInverseWarped.nii.gz ] --interpolation Linear --use-histogram-matching 0 --winsorize-image-intensities [ 0.005,0.995 ] --initial-moving-transform [ /home/runnerx/actions-runner/_work/example-notebooks/example-notebooks/books/structural_imaging/bids/sub-1/ses-1/anat/sub-1_ses-1_run-01_part-mag_T2starw.nii,/home/runnerx/actions-runner/_work/example-notebooks/example-notebooks/books/structural_imaging/bids/sub-1/ses-1/anat/sub-1_ses-1_run-01_T1w.nii,1 ] --transform Rigid[ 0.1 ] --metric MI[ /home/runnerx/actions-runner/_work/example-notebooks/example-notebooks/books/structural_imaging/bids/sub-1/ses-1/anat/sub-1_ses-1_run-01_part-mag_T2starw.nii,/home/runnerx/actions-runner/_work/example-notebooks/example-notebooks/books/structural_imaging/bids/sub-1/ses-1/anat/sub-1_ses-1_run-01_T1w.nii,1,32,Regular,0.25 ] --convergence [ 1000x500x250x0,1e-6,10 ] --shrink-factors 8x4x2x1 --smoothing-sigmas 3x2x1x0vox --transform Affine[ 0.1 ] --metric MI[ /home/runnerx/actions-runner/_work/example-notebooks/example-notebooks/books/structural_imaging/bids/sub-1/ses-1/anat/sub-1_ses-1_run-01_part-mag_T2starw.nii,/home/runnerx/actions-runner/_work/example-notebooks/example-notebooks/books/structural_imaging/bids/sub-1/ses-1/anat/sub-1_ses-1_run-01_T1w.nii,1,32,Regular,0.25 ] --convergence [ 1000x500x250x0,1e-6,10 ] --shrink-factors 8x4x2x1 --smoothing-sigmas 3x2x1x0vox --transform SyN[ 0.1,3,0 ] --metric MI[ /home/runnerx/actions-runner/_work/example-notebooks/example-notebooks/books/structural_imaging/bids/sub-1/ses-1/anat/sub-1_ses-1_run-01_part-mag_T2starw.nii,/home/runnerx/actions-runner/_work/example-notebooks/example-notebooks/books/structural_imaging/bids/sub-1/ses-1/anat/sub-1_ses-1_run-01_T1w.nii,1,32] --convergence [ 100x70x50x0,1e-6,10 ] --shrink-factors 8x4x2x1 --smoothing-sigmas 3x2x1x0vox
--------------------------------------------------------------------------------------
All_Command_lines_OK
Using double precision for computations.
=============================================================================
The composite transform comprises the following transforms (in order): 
  1. Center of mass alignment using fixed image: /home/runnerx/actions-runner/_work/example-notebooks/example-notebooks/books/structural_imaging/bids/sub-1/ses-1/anat/sub-1_ses-1_run-01_part-mag_T2starw.nii and moving image: /home/runnerx/actions-runner/_work/example-notebooks/example-notebooks/books/structural_imaging/bids/sub-1/ses-1/anat/sub-1_ses-1_run-01_T1w.nii (type = Euler3DTransform)
=============================================================================
  number of levels = 4
  number of levels = 4
  number of levels = 4
  fixed image: /home/runnerx/actions-runner/_work/example-notebooks/example-notebooks/books/structural_imaging/bids/sub-1/ses-1/anat/sub-1_ses-1_run-01_part-mag_T2starw.nii
  moving image: /home/runnerx/actions-runner/_work/example-notebooks/example-notebooks/books/structural_imaging/bids/sub-1/ses-1/anat/sub-1_ses-1_run-01_T1w.nii
  fixed image: /home/runnerx/actions-runner/_work/example-notebooks/example-notebooks/books/structural_imaging/bids/sub-1/ses-1/anat/sub-1_ses-1_run-01_part-mag_T2starw.nii
  moving image: /home/runnerx/actions-runner/_work/example-notebooks/example-notebooks/books/structural_imaging/bids/sub-1/ses-1/anat/sub-1_ses-1_run-01_T1w.nii
  fixed image: /home/runnerx/actions-runner/_work/example-notebooks/example-notebooks/books/structural_imaging/bids/sub-1/ses-1/anat/sub-1_ses-1_run-01_part-mag_T2starw.nii
  moving image: /home/runnerx/actions-runner/_work/example-notebooks/example-notebooks/books/structural_imaging/bids/sub-1/ses-1/anat/sub-1_ses-1_run-01_T1w.nii
Dimension = 3
Number of stages = 3
Use Histogram Matching false
Winsorize image intensities true
Lower quantile = 0.005
Upper quantile = 0.995
Stage 1 State
   Image metric = Mattes
     Fixed image = Image (0x4ab9e80)
  RTTI typeinfo:   itk::Image<double, 3u>
  Reference Count: 2
  Modified Time: 1732
  Debug: Off
  Object Name: 
  Observers: 
    none
  Source: (none)
  Source output name: (none)
  Release Data: Off
  Data Released: False
  Global Release Data: Off
  PipelineMTime: 0
  UpdateMTime: 1515
  RealTimeStamp: 0 seconds 
  LargestPossibleRegion: 
    Dimension: 3
    Index: [0, 0, 0]
    Size: [224, 224, 160]
  BufferedRegion: 
    Dimension: 3
    Index: [0, 0, 0]
    Size: [224, 224, 160]
  RequestedRegion: 
    Dimension: 3
    Index: [0, 0, 0]
    Size: [224, 224, 160]
  Spacing: [1, 1, 1]
  Origin: [104.584, 102.353, -63.1268]
  Direction: 
-0.99933 0.0303577 0.0204503
-0.0298167 -0.99921 0.0262605
0.0212314 0.0256331 0.999446

  IndexToPointMatrix: 
-0.99933 0.0303577 0.0204503
-0.0298167 -0.99921 0.0262605
0.0212314 0.0256331 0.999446

  PointToIndexMatrix: 
-0.99933 -0.0298167 0.0212314
0.0303577 -0.99921 0.0256331
0.0204503 0.0262605 0.999446

  Inverse Direction: 
-0.99933 -0.0298167 0.0212314
0.0303577 -0.99921 0.0256331
0.0204503 0.0262605 0.999446

  PixelContainer: 
    ImportImageContainer (0x4ab5c40)
      RTTI typeinfo:   itk::ImportImageContainer<unsigned long, double>
      Reference Count: 1
      Modified Time: 1512
      Debug: Off
      Object Name: 
      Observers: 
        none
      Pointer: 0x7f8180ef6010
      Container manages memory: true
      Size: 8028160
      Capacity: 8028160

     Moving image = Image (0x4ad12a0)
  RTTI typeinfo:   itk::Image<double, 3u>
  Reference Count: 2
  Modified Time: 1733
  Debug: Off
  Object Name: 
  Observers: 
    none
  Source: (none)
  Source output name: (none)
  Release Data: Off
  Data Released: False
  Global Release Data: Off
  PipelineMTime: 0
  UpdateMTime: 1730
  RealTimeStamp: 0 seconds 
  LargestPossibleRegion: 
    Dimension: 3
    Index: [0, 0, 0]
    Size: [288, 378, 420]
  BufferedRegion: 
    Dimension: 3
    Index: [0, 0, 0]
    Size: [288, 378, 420]
  RequestedRegion: 
    Dimension: 3
    Index: [0, 0, 0]
    Size: [288, 378, 420]
  Spacing: [0.5, 0.533333, 0.533333]
  Origin: [75.0348, 90.125, -137.286]
  Direction: 
-0.999859 -0.01105 -0.0126378
0.0126514 -0.990819 -0.134605
-0.0110344 -0.134746 0.990819

  IndexToPointMatrix: 
-0.49993 -0.00589333 -0.00674016
0.00632572 -0.528437 -0.0717891
-0.00551719 -0.0718643 0.528437

  PointToIndexMatrix: 
-1.99972 0.0253029 -0.0220688
-0.0207187 -1.85778 -0.252648
-0.0236959 -0.252384 1.85779

  Inverse Direction: 
-0.999859 0.0126514 -0.0110344
-0.01105 -0.990819 -0.134746
-0.0126378 -0.134605 0.990819

  PixelContainer: 
    ImportImageContainer (0x4aca450)
      RTTI typeinfo:   itk::ImportImageContainer<unsigned long, double>
      Reference Count: 1
      Modified Time: 1727
      Debug: Off
      Object Name: 
      Observers: 
        none
      Pointer: 0x7f816b21f010
      Container manages memory: true
      Size: 45722880
      Capacity: 45722880

     Weighting = 1
     Sampling strategy = regular
     Number of bins = 32
     Radius = 4
     Sampling percentage  = 0.25
   Transform = Rigid
     Gradient step = 0.1
     Update field sigma (voxel space) = 0
     Total field sigma (voxel space) = 0
     Update field time sigma = 0
     Total field time sigma  = 0
     Number of time indices = 0
     Number of time point samples = 0
Stage 2 State
   Image metric = Mattes
     Fixed image = Image (0x4ad4bf0)
  RTTI typeinfo:   itk::Image<double, 3u>
  Reference Count: 2
  Modified Time: 2162
  Debug: Off
  Object Name: 
  Observers: 
    none
  Source: (none)
  Source output name: (none)
  Release Data: Off
  Data Released: False
  Global Release Data: Off
  PipelineMTime: 0
  UpdateMTime: 1945
  RealTimeStamp: 0 seconds 
  LargestPossibleRegion: 
    Dimension: 3
    Index: [0, 0, 0]
    Size: [224, 224, 160]
  BufferedRegion: 
    Dimension: 3
    Index: [0, 0, 0]
    Size: [224, 224, 160]
  RequestedRegion: 
    Dimension: 3
    Index: [0, 0, 0]
    Size: [224, 224, 160]
  Spacing: [1, 1, 1]
  Origin: [104.584, 102.353, -63.1268]
  Direction: 
-0.99933 0.0303577 0.0204503
-0.0298167 -0.99921 0.0262605
0.0212314 0.0256331 0.999446

  IndexToPointMatrix: 
-0.99933 0.0303577 0.0204503
-0.0298167 -0.99921 0.0262605
0.0212314 0.0256331 0.999446

  PointToIndexMatrix: 
-0.99933 -0.0298167 0.0212314
0.0303577 -0.99921 0.0256331
0.0204503 0.0262605 0.999446

  Inverse Direction: 
-0.99933 -0.0298167 0.0212314
0.0303577 -0.99921 0.0256331
0.0204503 0.0262605 0.999446

  PixelContainer: 
    ImportImageContainer (0x4acddf0)
      RTTI typeinfo:   itk::ImportImageContainer<unsigned long, double>
      Reference Count: 1
      Modified Time: 1942
      Debug: Off
      Object Name: 
      Observers: 
        none
      Pointer: 0x7f81674de010
      Container manages memory: true
      Size: 8028160
      Capacity: 8028160

     Moving image = Image (0x4ad4e80)
  RTTI typeinfo:   itk::Image<double, 3u>
  Reference Count: 2
  Modified Time: 2163
  Debug: Off
  Object Name: 
  Observers: 
    none
  Source: (none)
  Source output name: (none)
  Release Data: Off
  Data Released: False
  Global Release Data: Off
  PipelineMTime: 0
  UpdateMTime: 2160
  RealTimeStamp: 0 seconds 
  LargestPossibleRegion: 
    Dimension: 3
    Index: [0, 0, 0]
    Size: [288, 378, 420]
  BufferedRegion: 
    Dimension: 3
    Index: [0, 0, 0]
    Size: [288, 378, 420]
  RequestedRegion: 
    Dimension: 3
    Index: [0, 0, 0]
    Size: [288, 378, 420]
  Spacing: [0.5, 0.533333, 0.533333]
  Origin: [75.0348, 90.125, -137.286]
  Direction: 
-0.999859 -0.01105 -0.0126378
0.0126514 -0.990819 -0.134605
-0.0110344 -0.134746 0.990819

  IndexToPointMatrix: 
-0.49993 -0.00589333 -0.00674016
0.00632572 -0.528437 -0.0717891
-0.00551719 -0.0718643 0.528437

  PointToIndexMatrix: 
-1.99972 0.0253029 -0.0220688
-0.0207187 -1.85778 -0.252648
-0.0236959 -0.252384 1.85779

  Inverse Direction: 
-0.999859 0.0126514 -0.0110344
-0.01105 -0.990819 -0.134746
-0.0126378 -0.134605 0.990819

  PixelContainer: 
    ImportImageContainer (0x4ab5be0)
      RTTI typeinfo:   itk::ImportImageContainer<unsigned long, double>
      Reference Count: 1
      Modified Time: 2157
      Debug: Off
      Object Name: 
      Observers: 
        none
      Pointer: 0x7f8151807010
      Container manages memory: true
      Size: 45722880
      Capacity: 45722880

     Weighting = 1
     Sampling strategy = regular
     Number of bins = 32
     Radius = 4
     Sampling percentage  = 0.25
   Transform = Affine
     Gradient step = 0.1
     Update field sigma (voxel space) = 0
     Total field sigma (voxel space) = 0
     Update field time sigma = 0
     Total field time sigma  = 0
     Number of time indices = 0
     Number of time point samples = 0
Stage 3 State
   Image metric = Mattes
     Fixed image = Image (0x4ac5810)
  RTTI typeinfo:   itk::Image<double, 3u>
  Reference Count: 2
  Modified Time: 2592
  Debug: Off
  Object Name: 
  Observers: 
    none
  Source: (none)
  Source output name: (none)
  Release Data: Off
  Data Released: False
  Global Release Data: Off
  PipelineMTime: 0
  UpdateMTime: 2375
  RealTimeStamp: 0 seconds 
  LargestPossibleRegion: 
    Dimension: 3
    Index: [0, 0, 0]
    Size: [224, 224, 160]
  BufferedRegion: 
    Dimension: 3
    Index: [0, 0, 0]
    Size: [224, 224, 160]
  RequestedRegion: 
    Dimension: 3
    Index: [0, 0, 0]
    Size: [224, 224, 160]
  Spacing: [1, 1, 1]
  Origin: [104.584, 102.353, -63.1268]
  Direction: 
-0.99933 0.0303577 0.0204503
-0.0298167 -0.99921 0.0262605
0.0212314 0.0256331 0.999446

  IndexToPointMatrix: 
-0.99933 0.0303577 0.0204503
-0.0298167 -0.99921 0.0262605
0.0212314 0.0256331 0.999446

  PointToIndexMatrix: 
-0.99933 -0.0298167 0.0212314
0.0303577 -0.99921 0.0256331
0.0204503 0.0262605 0.999446

  Inverse Direction: 
-0.99933 -0.0298167 0.0212314
0.0303577 -0.99921 0.0256331
0.0204503 0.0262605 0.999446

  PixelContainer: 
    ImportImageContainer (0x4aca260)
      RTTI typeinfo:   itk::ImportImageContainer<unsigned long, double>
      Reference Count: 1
      Modified Time: 2372
      Debug: Off
      Object Name: 
      Observers: 
        none
      Pointer: 0x7f814dac6010
      Container manages memory: true
      Size: 8028160
      Capacity: 8028160

     Moving image = Image (0x4ae35e0)
  RTTI typeinfo:   itk::Image<double, 3u>
  Reference Count: 2
  Modified Time: 2593
  Debug: Off
  Object Name: 
  Observers: 
    none
  Source: (none)
  Source output name: (none)
  Release Data: Off
  Data Released: False
  Global Release Data: Off
  PipelineMTime: 0
  UpdateMTime: 2590
  RealTimeStamp: 0 seconds 
  LargestPossibleRegion: 
    Dimension: 3
    Index: [0, 0, 0]
    Size: [288, 378, 420]
  BufferedRegion: 
    Dimension: 3
    Index: [0, 0, 0]
    Size: [288, 378, 420]
  RequestedRegion: 
    Dimension: 3
    Index: [0, 0, 0]
    Size: [288, 378, 420]
  Spacing: [0.5, 0.533333, 0.533333]
  Origin: [75.0348, 90.125, -137.286]
  Direction: 
-0.999859 -0.01105 -0.0126378
0.0126514 -0.990819 -0.134605
-0.0110344 -0.134746 0.990819

  IndexToPointMatrix: 
-0.49993 -0.00589333 -0.00674016
0.00632572 -0.528437 -0.0717891
-0.00551719 -0.0718643 0.528437

  PointToIndexMatrix: 
-1.99972 0.0253029 -0.0220688
-0.0207187 -1.85778 -0.252648
-0.0236959 -0.252384 1.85779

  Inverse Direction: 
-0.999859 0.0126514 -0.0110344
-0.01105 -0.990819 -0.134746
-0.0126378 -0.134605 0.990819

  PixelContainer: 
    ImportImageContainer (0x4ae64b0)
      RTTI typeinfo:   itk::ImportImageContainer<unsigned long, double>
      Reference Count: 1
      Modified Time: 2587
      Debug: Off
      Object Name: 
      Observers: 
        none
      Pointer: 0x7f8137def010
      Container manages memory: true
      Size: 45722880
      Capacity: 45722880

     Weighting = 1
     Sampling strategy = none
     Number of bins = 32
     Radius = 4
     Sampling percentage  = 1
   Transform = SyN
     Gradient step = 0.1
     Update field sigma (voxel space) = 3
     Total field sigma (voxel space) = 0
     Update field time sigma = 0
     Total field time sigma  = 0
     Number of time indices = 0
     Number of time point samples = 0
Registration using 3 total stages.

Stage 0
  iterations = 1000x500x250x0
  convergence threshold = 1e-06
  convergence window size = 10
  number of levels = 4
  using the Mattes MI metric (number of bins = 32, weight = 1)
  preprocessing:  winsorizing the image intensities
  Shrink factors (level 1 out of 4): [8, 8, 8]
  Shrink factors (level 2 out of 4): [4, 4, 4]
  Shrink factors (level 3 out of 4): [2, 2, 2]
  Shrink factors (level 4 out of 4): [1, 1, 1]
  smoothing sigmas per level: [3, 2, 1, 0]
  regular sampling (percentage = 0.25)

*** Running Euler3DTransform registration ***

DIAGNOSTIC,Iteration,metricValue,convergenceValue,ITERATION_TIME_INDEX,SINCE_LAST
 2DIAGNOSTIC,     1, -4.838229109018e-01, 1.797693134862e+308, 1.3258e+00, 1.3258e+00, 
 2DIAGNOSTIC,     2, -4.876482398464e-01, 1.797693134862e+308, 1.3298e+00, 4.0760e-03, 
 2DIAGNOSTIC,     3, -4.904371117853e-01, 1.797693134862e+308, 1.3352e+00, 5.3480e-03, 
 2DIAGNOSTIC,     4, -4.904263657218e-01, 1.797693134862e+308, 1.3388e+00, 3.5870e-03, 
 2DIAGNOSTIC,     5, -4.919144830220e-01, 1.797693134862e+308, 1.3439e+00, 5.1630e-03, 
 2DIAGNOSTIC,     6, -4.928133277433e-01, 1.797693134862e+308, 1.3480e+00, 4.0061e-03, 
 2DIAGNOSTIC,     7, -4.948351875747e-01, 1.797693134862e+308, 1.3529e+00, 4.9121e-03, 
 2DIAGNOSTIC,     8, -5.099305598187e-01, 1.797693134862e+308, 1.3581e+00, 5.2440e-03, 
 2DIAGNOSTIC,     9, -5.383592342677e-01, 1.797693134862e+308, 1.3630e+00, 4.9121e-03, 
 2DIAGNOSTIC,    10, -6.038067346245e-01, 1.007539098195e-02, 1.3686e+00, 5.5730e-03, 
 2DIAGNOSTIC,    11, -6.491842670450e-01, 1.502191625910e-02, 1.3749e+00, 6.3450e-03, 
 2DIAGNOSTIC,    12, -6.540386447558e-01, 1.800661063414e-02, 1.3829e+00, 7.9720e-03, 
 2DIAGNOSTIC,    13, -6.550952849246e-01, 1.903768201897e-02, 1.3868e+00, 3.9160e-03, 
 2DIAGNOSTIC,    14, -6.574119209710e-01, 1.826894745276e-02, 1.3907e+00, 3.8381e-03, 
 2DIAGNOSTIC,    15, -6.621584078771e-01, 1.614005604489e-02, 1.3950e+00, 4.3728e-03, 
 2DIAGNOSTIC,    16, -6.635384920622e-01, 1.291394146108e-02, 1.4019e+00, 6.8471e-03, 
 2DIAGNOSTIC,    17, -6.636123056631e-01, 9.037417486916e-03, 1.4058e+00, 3.9210e-03, 
 2DIAGNOSTIC,    18, -6.640252092757e-01, 5.277166332322e-03, 1.4094e+00, 3.5820e-03, 
 2DIAGNOSTIC,    19, -6.634784125361e-01, 2.171151253385e-03, 1.4134e+00, 3.9818e-03, 
 2DIAGNOSTIC,    20, -6.647682870082e-01, 8.101304345656e-04, 1.4188e+00, 5.4109e-03, 
 2DIAGNOSTIC,    21, -6.649332698614e-01, 5.654223760887e-04, 1.4243e+00, 5.5668e-03, 
 2DIAGNOSTIC,    22, -6.647425329526e-01, 3.967872489711e-04, 1.4288e+00, 4.4160e-03, 
 2DIAGNOSTIC,    23, -6.644291515632e-01, 2.239841691241e-04, 1.4327e+00, 3.9361e-03, 
 2DIAGNOSTIC,    24, -6.655700803871e-01, 1.128592424106e-04, 1.4366e+00, 3.8900e-03, 
 2DIAGNOSTIC,    25, -6.658013334072e-01, 9.371366262939e-05, 1.4409e+00, 4.3480e-03, 
 2DIAGNOSTIC,    26, -6.667307114572e-01, 1.092242171203e-04, 1.4448e+00, 3.8199e-03, 
 2DIAGNOSTIC,    27, -6.681484741271e-01, 1.392988302982e-04, 1.4492e+00, 4.3919e-03, 
 2DIAGNOSTIC,    28, -6.699212612360e-01, 1.907090755829e-04, 1.4532e+00, 4.0221e-03, 
 2DIAGNOSTIC,    29, -6.698947510739e-01, 2.099648888689e-04, 1.4573e+00, 4.1389e-03, 
 2DIAGNOSTIC,    30, -6.720043011669e-01, 2.610873810024e-04, 1.4617e+00, 4.3981e-03, 
 2DIAGNOSTIC,    31, -6.710857005190e-01, 2.723297521615e-04, 1.4655e+00, 3.7470e-03, 
 2DIAGNOSTIC,    32, -6.711962028742e-01, 2.566525701837e-04, 1.4704e+00, 4.9720e-03, 
 2DIAGNOSTIC,    33, -6.718170472582e-01, 2.217023101972e-04, 1.4747e+00, 4.2911e-03, 
 2DIAGNOSTIC,    34, -6.715995979403e-01, 1.803254421471e-04, 1.4792e+00, 4.4560e-03, 
 2DIAGNOSTIC,    35, -6.721956705349e-01, 1.353752056556e-04, 1.4836e+00, 4.4191e-03, 
 2DIAGNOSTIC,    36, -6.773007221753e-01, 1.566754770575e-04, 1.4884e+00, 4.7741e-03, 
 2DIAGNOSTIC,    37, -6.768885017754e-01, 1.723640852870e-04, 1.4922e+00, 3.7920e-03, 
 2DIAGNOSTIC,    38, -6.768456506743e-01, 1.925833046205e-04, 1.4969e+00, 4.7340e-03, 
 2DIAGNOSTIC,    39, -6.780382035237e-01, 2.071151270582e-04, 1.5020e+00, 5.0750e-03, 
 2DIAGNOSTIC,    40, -6.781537155908e-01, 2.260667104449e-04, 1.5082e+00, 6.2709e-03, 
 2DIAGNOSTIC,    41, -6.782838376596e-01, 2.130430533894e-04, 1.5141e+00, 5.8758e-03, 
 2DIAGNOSTIC,    42, -6.781121708888e-01, 1.797454797027e-04, 1.5185e+00, 4.3781e-03, 
 2DIAGNOSTIC,    43, -6.779930427159e-01, 1.373806628927e-04, 1.5232e+00, 4.7228e-03, 
 2DIAGNOSTIC,    44, -6.780984224891e-01, 8.311404006724e-05, 1.5276e+00, 4.3621e-03, 
 2DIAGNOSTIC,    45, -6.780429383887e-01, 2.730292756286e-05, 1.5317e+00, 4.1468e-03, 
 2DIAGNOSTIC,    46, -6.781833886794e-01, 2.295275683834e-05, 1.5357e+00, 4.0140e-03, 
 2DIAGNOSTIC,    47, -6.783112436456e-01, 1.413433167528e-05, 1.5391e+00, 3.3748e-03, 
 2DIAGNOSTIC,    48, -6.796273261179e-01, 1.598763806480e-05, 1.5427e+00, 3.5589e-03, 
 2DIAGNOSTIC,    49, -6.811013498628e-01, 4.022303454756e-05, 1.5485e+00, 5.8219e-03, 
 2DIAGNOSTIC,    50, -6.814474457012e-01, 6.346772573835e-05, 1.5529e+00, 4.3590e-03, 
 2DIAGNOSTIC,    51, -6.817259439531e-01, 8.356957044847e-05, 1.5578e+00, 4.9510e-03, 
 2DIAGNOSTIC,    52, -6.817398993727e-01, 9.369594582994e-05, 1.5630e+00, 5.2402e-03, 
 2DIAGNOSTIC,    53, -6.816637482188e-01, 9.268563391203e-05, 1.5671e+00, 4.0970e-03, 
 2DIAGNOSTIC,    54, -6.812612998521e-01, 8.029596858687e-05, 1.5715e+00, 4.3931e-03, 
 2DIAGNOSTIC,    55, -6.810408277068e-01, 5.866031280409e-05, 1.5775e+00, 5.9528e-03, 
 2DIAGNOSTIC,    56, -6.810873702764e-01, 3.399088844749e-05, 1.5839e+00, 6.4089e-03, 
 2DIAGNOSTIC,    57, -6.812044832571e-01, 8.731586032901e-06, 1.5891e+00, 5.2421e-03, 
DIAGNOSTIC,Iteration,metricValue,convergenceValue,ITERATION_TIME_INDEX,SINCE_LAST
 2DIAGNOSTIC,     1, -5.605273430211e-01, 1.797693134862e+308, 2.9749e+00, 1.3858e+00, 
 2DIAGNOSTIC,     2, -5.617643791057e-01, 1.797693134862e+308, 2.9963e+00, 2.1424e-02, 
 2DIAGNOSTIC,     3, -5.629972691231e-01, 1.797693134862e+308, 3.0178e+00, 2.1505e-02, 
 2DIAGNOSTIC,     4, -5.647557183656e-01, 1.797693134862e+308, 3.0379e+00, 2.0027e-02, 
 2DIAGNOSTIC,     5, -5.658816582514e-01, 1.797693134862e+308, 3.0599e+00, 2.2018e-02, 
 2DIAGNOSTIC,     6, -5.671845996051e-01, 1.797693134862e+308, 3.0930e+00, 3.3076e-02, 
 2DIAGNOSTIC,     7, -5.671622073403e-01, 1.797693134862e+308, 3.1132e+00, 2.0228e-02, 
 2DIAGNOSTIC,     8, -5.681513199997e-01, 1.797693134862e+308, 3.1357e+00, 2.2510e-02, 
 2DIAGNOSTIC,     9, -5.686608037473e-01, 1.797693134862e+308, 3.1561e+00, 2.0433e-02, 
 2DIAGNOSTIC,    10, -5.689206050050e-01, 9.767943865550e-04, 3.1765e+00, 2.0392e-02, 
 2DIAGNOSTIC,    11, -5.693480353223e-01, 7.587332668278e-04, 3.1954e+00, 1.8878e-02, 
 2DIAGNOSTIC,    12, -5.712228332177e-01, 6.392604570674e-04, 3.2231e+00, 2.7668e-02, 
 2DIAGNOSTIC,    13, -5.724826251177e-01, 5.739040275961e-04, 3.2460e+00, 2.2926e-02, 
 2DIAGNOSTIC,    14, -5.729116753630e-01, 5.430460475353e-04, 3.2683e+00, 2.2288e-02, 
 2DIAGNOSTIC,    15, -5.732521197585e-01, 5.160643875669e-04, 3.2955e+00, 2.7244e-02, 
 2DIAGNOSTIC,    16, -5.734197799384e-01, 4.920414216927e-04, 3.3218e+00, 2.6298e-02, 
 2DIAGNOSTIC,    17, -5.736127089512e-01, 4.293284242095e-04, 3.3454e+00, 2.3526e-02, 
 2DIAGNOSTIC,    18, -5.740557746717e-01, 3.730276620311e-04, 3.3740e+00, 2.8604e-02, 
 2DIAGNOSTIC,    19, -5.742255217546e-01, 3.063684601665e-04, 3.3961e+00, 2.2099e-02, 
 2DIAGNOSTIC,    20, -5.743231533133e-01, 2.277178337792e-04, 3.4201e+00, 2.4046e-02, 
 2DIAGNOSTIC,    21, -5.743424816076e-01, 1.454715870187e-04, 3.4411e+00, 2.0948e-02, 
 2DIAGNOSTIC,    22, -5.743207897254e-01, 9.872444192655e-05, 3.4648e+00, 2.3711e-02, 
 2DIAGNOSTIC,    23, -5.743238811433e-01, 7.410174180932e-05, 3.4865e+00, 2.1763e-02, 
 2DIAGNOSTIC,    24, -5.743280392732e-01, 5.353358253253e-05, 3.5077e+00, 2.1186e-02, 
 2DIAGNOSTIC,    25, -5.743075349384e-01, 3.613965540067e-05, 3.5266e+00, 1.8884e-02, 
 2DIAGNOSTIC,    26, -5.743030490158e-01, 1.999308280838e-05, 3.5520e+00, 2.5420e-02, 
 2DIAGNOSTIC,    27, -5.743857059315e-01, 8.204845471670e-06, 3.5803e+00, 2.8259e-02, 
 2DIAGNOSTIC,    28, -5.743940740156e-01, 4.522584850231e-06, 3.6029e+00, 2.2662e-02, 
 2DIAGNOSTIC,    29, -5.743282847882e-01, 2.523176684782e-06, 3.6247e+00, 2.1752e-02, 
 2DIAGNOSTIC,    30, -5.743317222502e-01, 2.249007278195e-06, 3.6456e+00, 2.0944e-02, 
 2DIAGNOSTIC,    31, -5.743545688913e-01, 2.554836113805e-06, 3.6798e+00, 3.4132e-02, 
 2DIAGNOSTIC,    32, -5.743350340197e-01, 2.002209609178e-06, 3.7044e+00, 2.4588e-02, 
 2DIAGNOSTIC,    33, -5.743107052466e-01, 1.071717228678e-06, 3.7263e+00, 2.1918e-02, 
DIAGNOSTIC,Iteration,metricValue,convergenceValue,ITERATION_TIME_INDEX,SINCE_LAST
 2DIAGNOSTIC,     1, -4.909968436831e-01, 1.797693134862e+308, 5.3553e+00, 1.6290e+00, 
 2DIAGNOSTIC,     2, -4.911738894379e-01, 1.797693134862e+308, 5.5248e+00, 1.6944e-01, 
 2DIAGNOSTIC,     3, -4.912241039048e-01, 1.797693134862e+308, 5.6931e+00, 1.6833e-01, 
 2DIAGNOSTIC,     4, -4.912436186819e-01, 1.797693134862e+308, 5.8416e+00, 1.4854e-01, 
 2DIAGNOSTIC,     5, -4.913001715856e-01, 1.797693134862e+308, 5.9922e+00, 1.5060e-01, 
 2DIAGNOSTIC,     6, -4.914006339297e-01, 1.797693134862e+308, 6.1813e+00, 1.8905e-01, 
 2DIAGNOSTIC,     7, -4.914060454688e-01, 1.797693134862e+308, 6.3559e+00, 1.7459e-01, 
 2DIAGNOSTIC,     8, -4.914047499454e-01, 1.797693134862e+308, 6.5472e+00, 1.9137e-01, 
 2DIAGNOSTIC,     9, -4.913849021288e-01, 1.797693134862e+308, 6.7168e+00, 1.6957e-01, 
 2DIAGNOSTIC,    10, -4.913884180585e-01, 4.918186784857e-05, 6.8616e+00, 1.4478e-01, 
 2DIAGNOSTIC,    11, -4.913861760886e-01, 2.943631362189e-05, 7.0075e+00, 1.4592e-01, 
 2DIAGNOSTIC,    12, -4.913865838015e-01, 1.911014846030e-05, 7.2002e+00, 1.9265e-01, 
 2DIAGNOSTIC,    13, -4.913866236202e-01, 1.120556657730e-05, 7.7544e+00, 5.5425e-01, 
 2DIAGNOSTIC,    14, -4.913866236194e-01, 4.440013247994e-06, 8.2390e+00, 4.8455e-01, 
DIAGNOSTIC,Iteration,metricValue,convergenceValue,ITERATION_TIME_INDEX,SINCE_LAST
 2DIAGNOSTIC,     1, -4.138772256024e-01, 1.797693134862e+308, 1.0345e+01, 2.1064e+00, 
  Elapsed time (stage 0): 1.1272e+01


Stage 1
  iterations = 1000x500x250x0
  convergence threshold = 1.0000e-06
  convergence window size = 10
  number of levels = 4
  using the Mattes MI metric (number of bins = 32, weight = 1.0000e+00)
  preprocessing:  winsorizing the image intensities
  Shrink factors (level 1 out of 4): [8, 8, 8]
  Shrink factors (level 2 out of 4): [4, 4, 4]
  Shrink factors (level 3 out of 4): [2, 2, 2]
  Shrink factors (level 4 out of 4): [1, 1, 1]
  smoothing sigmas per level: [3, 2, 1, 0]
  regular sampling (percentage = 2.5000e-01)

*** Running AffineTransform registration ***

DIAGNOSTIC,Iteration,metricValue,convergenceValue,ITERATION_TIME_INDEX,SINCE_LAST
 2DIAGNOSTIC,     1, -6.692067174611e-01, 1.797693134862e+308, 1.3194e+00, 1.3194e+00, 
 2DIAGNOSTIC,     2, -6.719247053015e-01, 1.797693134862e+308, 1.3253e+00, 5.9500e-03, 
 2DIAGNOSTIC,     3, -6.751168700320e-01, 1.797693134862e+308, 1.3302e+00, 4.8521e-03, 
 2DIAGNOSTIC,     4, -6.851478923775e-01, 1.797693134862e+308, 1.3349e+00, 4.7271e-03, 
 2DIAGNOSTIC,     5, -6.941281150014e-01, 1.797693134862e+308, 1.3398e+00, 4.9429e-03, 
 2DIAGNOSTIC,     6, -6.960138546086e-01, 1.797693134862e+308, 1.3456e+00, 5.7411e-03, 
 2DIAGNOSTIC,     7, -6.975928604668e-01, 1.797693134862e+308, 1.3510e+00, 5.4190e-03, 
 2DIAGNOSTIC,     8, -7.013667152757e-01, 1.797693134862e+308, 1.3564e+00, 5.4002e-03, 
 2DIAGNOSTIC,     9, -7.037342010693e-01, 1.797693134862e+308, 1.3618e+00, 5.3570e-03, 
 2DIAGNOSTIC,    10, -7.050431905678e-01, 3.635603392914e-03, 1.3665e+00, 4.7231e-03, 
 2DIAGNOSTIC,    11, -7.075868732350e-01, 2.935697240459e-03, 1.3712e+00, 4.7309e-03, 
 2DIAGNOSTIC,    12, -7.111129444382e-01, 2.308665025284e-03, 1.3773e+00, 6.0380e-03, 
 2DIAGNOSTIC,    13, -7.113312225672e-01, 1.671229467580e-03, 1.3821e+00, 4.8552e-03, 
 2DIAGNOSTIC,    14, -7.116149639740e-01, 1.270955554904e-03, 1.3870e+00, 4.9100e-03, 
 2DIAGNOSTIC,    15, -7.119655515067e-01, 1.064245357277e-03, 1.3919e+00, 4.8640e-03, 
 2DIAGNOSTIC,    16, -7.126913112338e-01, 8.524125690860e-04, 1.3972e+00, 5.2679e-03, 
 2DIAGNOSTIC,    17, -7.130388354684e-01, 6.305349205180e-04, 1.4021e+00, 4.9450e-03, 
 2DIAGNOSTIC,    18, -7.130846397851e-01, 4.614475846432e-04, 1.4069e+00, 4.8239e-03, 
 2DIAGNOSTIC,    19, -7.127093347565e-01, 3.117474612527e-04, 1.4114e+00, 4.5090e-03, 
 2DIAGNOSTIC,    20, -7.131196216618e-01, 1.829415931184e-04, 1.4153e+00, 3.8700e-03, 
 2DIAGNOSTIC,    21, -7.135476721829e-01, 1.046648446869e-04, 1.4195e+00, 4.1649e-03, 
 2DIAGNOSTIC,    22, -7.182326977679e-01, 1.746877509578e-04, 1.4259e+00, 6.4809e-03, 
 2DIAGNOSTIC,    23, -7.193160160134e-01, 2.431432841486e-04, 1.4446e+00, 1.8676e-02, 
 2DIAGNOSTIC,    24, -7.193159303791e-01, 2.885996925946e-04, 1.4491e+00, 4.4670e-03, 
 2DIAGNOSTIC,    25, -7.193159994099e-01, 3.101249301396e-04, 1.4529e+00, 3.7789e-03, 
 2DIAGNOSTIC,    26, -7.193161161508e-01, 3.118183480996e-04, 1.4570e+00, 4.1270e-03, 
 2DIAGNOSTIC,    27, -7.193163135308e-01, 2.880903056443e-04, 1.4635e+00, 6.4771e-03, 
 2DIAGNOSTIC,    28, -7.193166472201e-01, 2.395221506633e-04, 1.4689e+00, 5.4419e-03, 
 2DIAGNOSTIC,    29, -7.193172112627e-01, 1.675807022664e-04, 1.4742e+00, 5.3000e-03, 
 2DIAGNOSTIC,    30, -7.193181644337e-01, 9.113153068117e-05, 1.4792e+00, 4.9369e-03, 
 2DIAGNOSTIC,    31, -7.193197744349e-01, 1.517683636672e-05, 1.4839e+00, 4.7660e-03, 
 2DIAGNOSTIC,    32, -7.193224807801e-01, 1.160038123525e-06, 1.4884e+00, 4.5049e-03, 
 2DIAGNOSTIC,    33, -7.193270275908e-01, 1.226215239951e-06, 1.4931e+00, 4.7019e-03, 
 2DIAGNOSTIC,    34, -7.193346741544e-01, 1.353274887976e-06, 1.4983e+00, 5.1908e-03, 
DIAGNOSTIC,Iteration,metricValue,convergenceValue,ITERATION_TIME_INDEX,SINCE_LAST
 2DIAGNOSTIC,     1, -5.812649343056e-01, 1.797693134862e+308, 2.8853e+00, 1.3870e+00, 
 2DIAGNOSTIC,     2, -5.830563998728e-01, 1.797693134862e+308, 2.9067e+00, 2.1375e-02, 
 2DIAGNOSTIC,     3, -5.847374704177e-01, 1.797693134862e+308, 2.9314e+00, 2.4687e-02, 
 2DIAGNOSTIC,     4, -5.864736807082e-01, 1.797693134862e+308, 2.9539e+00, 2.2473e-02, 
 2DIAGNOSTIC,     5, -5.888409007095e-01, 1.797693134862e+308, 2.9783e+00, 2.4428e-02, 
 2DIAGNOSTIC,     6, -5.911756264986e-01, 1.797693134862e+308, 3.0029e+00, 2.4615e-02, 
 2DIAGNOSTIC,     7, -5.920960026651e-01, 1.797693134862e+308, 3.0277e+00, 2.4742e-02, 
 2DIAGNOSTIC,     8, -5.922527002817e-01, 1.797693134862e+308, 3.0507e+00, 2.3059e-02, 
 2DIAGNOSTIC,     9, -5.928698616727e-01, 1.797693134862e+308, 3.0740e+00, 2.3322e-02, 
 2DIAGNOSTIC,    10, -5.932192469650e-01, 1.394513045897e-03, 3.1128e+00, 3.8741e-02, 
 2DIAGNOSTIC,    11, -5.932646429996e-01, 1.049235006074e-03, 3.1415e+00, 2.8727e-02, 
 2DIAGNOSTIC,    12, -5.932721390387e-01, 7.403888522285e-04, 3.1627e+00, 2.1192e-02, 
 2DIAGNOSTIC,    13, -5.932990391789e-01, 4.766279864915e-04, 3.1886e+00, 2.5909e-02, 
 2DIAGNOSTIC,    14, -5.932894090090e-01, 2.658554021493e-04, 3.2173e+00, 2.8667e-02, 
 2DIAGNOSTIC,    15, -5.932651955628e-01, 1.325477741149e-04, 3.2414e+00, 2.4141e-02, 
 2DIAGNOSTIC,    16, -5.932387600710e-01, 7.301750615940e-05, 3.2659e+00, 2.4442e-02, 
 2DIAGNOSTIC,    17, -5.932393165522e-01, 4.030153322344e-05, 3.2912e+00, 2.5292e-02, 
 2DIAGNOSTIC,    18, -5.931886809237e-01, 1.015108471778e-05, 3.3183e+00, 2.7169e-02, 
DIAGNOSTIC,Iteration,metricValue,convergenceValue,ITERATION_TIME_INDEX,SINCE_LAST
 2DIAGNOSTIC,     1, -5.014317921112e-01, 1.797693134862e+308, 4.9505e+00, 1.6322e+00, 
 2DIAGNOSTIC,     2, -5.023262052452e-01, 1.797693134862e+308, 5.1142e+00, 1.6368e-01, 
 2DIAGNOSTIC,     3, -5.036801452104e-01, 1.797693134862e+308, 5.2738e+00, 1.5956e-01, 
 2DIAGNOSTIC,     4, -5.052811515724e-01, 1.797693134862e+308, 5.4336e+00, 1.5983e-01, 
 2DIAGNOSTIC,     5, -5.062348759599e-01, 1.797693134862e+308, 5.6150e+00, 1.8138e-01, 
 2DIAGNOSTIC,     6, -5.064682246902e-01, 1.797693134862e+308, 5.9663e+00, 3.5132e-01, 
 2DIAGNOSTIC,     7, -5.065005944005e-01, 1.797693134862e+308, 6.1970e+00, 2.3065e-01, 
 2DIAGNOSTIC,     8, -5.065044124956e-01, 1.797693134862e+308, 6.3844e+00, 1.8747e-01, 
 2DIAGNOSTIC,     9, -5.065017967608e-01, 1.797693134862e+308, 6.5667e+00, 1.8225e-01, 
 2DIAGNOSTIC,    10, -5.065023532711e-01, 6.394773348394e-04, 6.7492e+00, 1.8254e-01, 
 2DIAGNOSTIC,    11, -5.064985527810e-01, 3.928601295275e-04, 6.9083e+00, 1.5910e-01, 
 2DIAGNOSTIC,    12, -5.065016999401e-01, 1.942934632249e-04, 7.0895e+00, 1.8112e-01, 
 2DIAGNOSTIC,    13, -5.065199576918e-01, 6.705249426314e-05, 7.2731e+00, 1.8362e-01, 
 2DIAGNOSTIC,    14, -5.065123893062e-01, 1.516036261562e-05, 7.4557e+00, 1.8265e-01, 
 2DIAGNOSTIC,    15, -5.065273227092e-01, 5.109150041302e-06, 7.7157e+00, 2.6001e-01, 
 2DIAGNOSTIC,    16, -5.065265711510e-01, 4.175222690916e-06, 7.9056e+00, 1.8989e-01, 
 2DIAGNOSTIC,    17, -5.065252135944e-01, 4.170227902146e-06, 8.0683e+00, 1.6270e-01, 
 2DIAGNOSTIC,    18, -5.065219339752e-01, 3.970567614940e-06, 8.2504e+00, 1.8205e-01, 
 2DIAGNOSTIC,    19, -5.065234639456e-01, 3.557627337815e-06, 8.4375e+00, 1.8712e-01, 
 2DIAGNOSTIC,    20, -5.065218216361e-01, 2.984096001413e-06, 8.5962e+00, 1.5867e-01, 
 2DIAGNOSTIC,    21, -5.065208546438e-01, 2.207562594614e-06, 8.7784e+00, 1.8225e-01, 
 2DIAGNOSTIC,    22, -5.065219278054e-01, 1.537310206377e-06, 8.9581e+00, 1.7970e-01, 
 2DIAGNOSTIC,    23, -5.065167403593e-01, 1.245318664717e-06, 9.1159e+00, 1.5781e-01, 
DIAGNOSTIC,Iteration,metricValue,convergenceValue,ITERATION_TIME_INDEX,SINCE_LAST
 2DIAGNOSTIC,     1, -4.222920683874e-01, 1.797693134862e+308, 1.1303e+01, 2.1873e+00, 
  Elapsed time (stage 1): 1.2252e+01


Stage 2
  iterations = 100x70x50x0
  convergence threshold = 1.0000e-06
  convergence window size = 10
  number of levels = 4
  using the Mattes MI metric (number of bins = 32, weight = 1.0000e+00)
  preprocessing:  winsorizing the image intensities
  Shrink factors (level 1 out of 4): [8, 8, 8]
  Shrink factors (level 2 out of 4): [4, 4, 4]
  Shrink factors (level 3 out of 4): [2, 2, 2]
  Shrink factors (level 4 out of 4): [1, 1, 1]
  smoothing sigmas per level: [3, 2, 1, 0]
  Using default NONE metricSamplingStrategy 

*** Running SyN registration (varianceForUpdateField = 3.0000e+00, varianceForTotalField = 0.0000e+00) ***

XXDIAGNOSTIC,Iteration,metricValue,convergenceValue,ITERATION_TIME_INDEX,SINCE_LAST
 1DIAGNOSTIC,     1, -6.446026365228e-01, 1.797693134862e+308, 1.2003e+00, 1.2003e+00, 
 1DIAGNOSTIC,     2, -6.510268499970e-01, 1.797693134862e+308, 1.2499e+00, 4.9646e-02, 
 1DIAGNOSTIC,     3, -6.585707487393e-01, 1.797693134862e+308, 1.2925e+00, 4.2579e-02, 
 1DIAGNOSTIC,     4, -6.643809639013e-01, 1.797693134862e+308, 1.3369e+00, 4.4386e-02, 
 1DIAGNOSTIC,     5, -6.687481708314e-01, 1.797693134862e+308, 1.3850e+00, 4.8079e-02, 
 1DIAGNOSTIC,     6, -6.704786793058e-01, 1.797693134862e+308, 1.4316e+00, 4.6614e-02, 
 1DIAGNOSTIC,     7, -6.706841635259e-01, 1.797693134862e+308, 1.4803e+00, 4.8694e-02, 
 1DIAGNOSTIC,     8, -6.750915644729e-01, 1.797693134862e+308, 1.5341e+00, 5.3751e-02, 
 1DIAGNOSTIC,     9, -6.716780119958e-01, 1.797693134862e+308, 1.5852e+00, 5.1157e-02, 
 1DIAGNOSTIC,    10, -6.767225839978e-01, 2.779904968030e-03, 1.6360e+00, 5.0744e-02, 
 1DIAGNOSTIC,    11, -6.729910439342e-01, 1.785364368138e-03, 1.6885e+00, 5.2583e-02, 
 1DIAGNOSTIC,    12, -6.772736223239e-01, 1.178710089324e-03, 1.7370e+00, 4.8454e-02, 
 1DIAGNOSTIC,    13, -6.772869143795e-01, 8.004980409119e-04, 1.7863e+00, 4.9276e-02, 
 1DIAGNOSTIC,    14, -6.777396236143e-01, 5.921424791005e-04, 1.8349e+00, 4.8677e-02, 
 1DIAGNOSTIC,    15, -6.772226888841e-01, 4.678711973831e-04, 1.8809e+00, 4.5935e-02, 
 1DIAGNOSTIC,    16, -6.790273694189e-01, 4.114223326436e-04, 1.9278e+00, 4.6969e-02, 
 1DIAGNOSTIC,    17, -6.780723771459e-01, 3.005319602755e-04, 1.9712e+00, 4.3370e-02, 
 1DIAGNOSTIC,    18, -6.798082215366e-01, 3.219771624017e-04, 2.0215e+00, 5.0286e-02, 
 1DIAGNOSTIC,    19, -6.794107055427e-01, 2.230432480496e-04, 2.0748e+00, 5.3342e-02, 
 1DIAGNOSTIC,    20, -6.796360598675e-01, 2.288015907211e-04, 2.1255e+00, 5.0659e-02, 
 1DIAGNOSTIC,    21, -6.812579485324e-01, 1.678588860446e-04, 2.1688e+00, 4.3281e-02, 
 1DIAGNOSTIC,    22, -6.787887745416e-01, 1.308989107007e-04, 2.2190e+00, 5.0187e-02, 
 1DIAGNOSTIC,    23, -6.816394842218e-01, 1.391353933396e-04, 2.2663e+00, 4.7372e-02, 
 1DIAGNOSTIC,    24, -6.788404207463e-01, 9.137406719834e-05, 2.3134e+00, 4.7011e-02, 
 1DIAGNOSTIC,    25, -6.820381960944e-01, 8.478721713460e-05, 2.3596e+00, 4.6273e-02, 
 1DIAGNOSTIC,    26, -6.792296571684e-01, 5.368046465142e-05, 2.4100e+00, 5.0400e-02, 
 1DIAGNOSTIC,    27, -6.817335552101e-01, 4.488521563724e-05, 2.4582e+00, 4.8166e-02, 
 1DIAGNOSTIC,    28, -6.791159005182e-01, 1.871561259340e-05, 2.5071e+00, 4.8928e-02, 
 1DIAGNOSTIC,    29, -6.815853074502e-01, 2.363858034822e-05, 2.5615e+00, 5.4424e-02, 
 1DIAGNOSTIC,    30, -6.786967724599e-01, -1.304388515602e-05, 2.6084e+00, 4.6899e-02, 
XXDIAGNOSTIC,Iteration,metricValue,convergenceValue,ITERATION_TIME_INDEX,SINCE_LAST
